% function evaluation | noise-free fitness - Fopt (3.590000000000e+01) | best noise-free fitness - Fopt | measured fitness | best measured fitness | x1 | x2...
1 +1.080517961e+06 +1.080517961e+06 +1.080553861e+06 +1.080553861e+06 -1.0620e+00 +7.4454e-01 +4.6954e+00 +9.1624e-01 +4.8754e+00 -2.1888e+00 -1.7899e+00 +2.2082e-01 -4.5978e+00 +8.1910e-01 +3.9273e-01 +1.7172e+00 +3.2097e+00 +4.4863e+00 +4.1966e+00 +5.5273e-01 +4.2862e+00 +8.6660e-02 +1.8625e+00 -4.8968e+00
5 +9.789671403e+05 +9.789671403e+05 +9.790030403e+05 +9.790030403e+05 +2.1895e+00 +3.4282e+00 -4.1064e+00 +2.4222e+00 -4.5512e+00 -4.4170e+00 +6.0569e-01 -2.2509e+00 +2.8348e+00 +3.0063e-01 +4.4279e+00 -2.4666e-01 -2.5079e+00 -1.8878e-01 +4.5455e+00 -2.5096e+00 -6.2430e-01 +8.3141e-01 +3.2862e+00 -5.4898e-01
52 +5.153933443e+05 +5.153933443e+05 +5.154292443e+05 +5.154292443e+05 +9.1933e-01 +4.3981e+00 +4.7523e+00 +3.3115e+00 -3.1489e+00 -3.7752e+00 +2.6440e+00 +1.7462e-01 +3.9616e+00 -1.8093e+00 -3.2990e-01 -4.3636e+00 +4.6282e+00 -2.6654e+00 +9.7956e-01 -3.0836e+00 +3.7355e+00 +2.0582e+00 -4.8218e+00 -2.9032e+00
119 +1.874036887e+05 +1.874036887e+05 +1.874395887e+05 +1.874395887e+05 +2.4035e+00 +3.5851e+00 +8.5657e-01 -2.3348e+00 -2.4871e+00 -1.5802e+00 +3.3039e+00 -4.9028e+00 -1.0642e+00 -2.9720e+00 -1.7004e+00 +2.4207e+00 -3.1752e+00 -1.2092e+00 +3.2908e+00 -4.8817e+00 +5.6199e-01 +2.9854e+00 +2.7117e+00 -1.2382e+00
% function evaluation | noise-free fitness - Fopt (3.137000000000e+01) | best noise-free fitness - Fopt | measured fitness | best measured fitness | x1 | x2...
1 +1.050102248e+06 +1.050102248e+06 +1.050133618e+06 +1.050133618e+06 -2.4504e+00 +4.4873e+00 +2.9907e-01 -1.8648e+00 -4.2583e+00 -1.1804e+00 +8.7288e-01 -9.9616e-01 +2.3471e+00 -1.4817e+00 -1.9783e+00 +3.7883e+00 -2.7809e+00 -1.4141e+00 +2.4134e+00 -5.8840e-01 +5.1842e-01 +4.0903e+00 +2.7258e+00 -3.6006e+00
2 +9.475638416e+05 +9.475638416e+05 +9.475952116e+05 +9.475952116e+05 +1.6062e+00 -2.0640e+00 -1.2820e+00 +2.4529e-01 -2.4930e+00 +2.2893e+00 +3.4301e+00 -5.4431e-01 -5.7140e-01 -4.0882e+00 +7.3743e-01 +2.0178e+00 -2.8726e+00 -4.3015e+00 +3.6730e+00 +3.9842e+00 -3.7059e+00 +2.8516e+00 -2.1711e-01 -3.0151e+00
6 +5.225787022e+05 +5.225787022e+05 +5.226100722e+05 +5.226100722e+05 -1.1116e+00 +3.6418e+00 -2.0062e+00 +4.2673e+00 -3.0806e+00 +1.3414e+00 +4.3728e+00 +1.6251e+00 -4.8623e-01 -9.7468e-01 +1.2867e+00 +1.5397e+00 -2.6068e+00 +4.5201e+00 -1.3141e+00 +4.4825e+00 -8.2130e-01 -2.4463e+00 -4.8000e+00 -8.5084e-01
9 +3.175320422e+05 +3.175320422e+05 +3.175634122e+05 +3.175634122e+05 +4.7694e+00 +1.3729e+00 -2.9124e+00 +1.9035e+00 +2.1654e-01 -4.6202e+00 +2.8014e-01 +2.1780e+00 -4.4593e+00 -4.3822e+00 -9.0652e-01 -1.3727e+00 +4.2860e+00 +2.5843e-01 -1.0543e+00 -6.5611e-01 +4.6207e+00 +3.4922e+00 +3.7761e+00 +1.8697e+00
144 +2.117014403e+05 +2.117014403e+05 +2.117328103e+05 +2.117328103e+05 +2.5597e+00 -1.9957e+00 -1.7237e+00 +2.6019e+00 -2.9964e+00 +2.1309e+00 -4.1029e+00 +4.2332e+00 -3.4707e+00 +3.2757e+00 -4.8422e+00 -8.5633e-01 +1.1973e+00 -4.0785e-01 +3.0537e+00 +5.9537e-01 -3.2698e+00 -7.0939e-01 -4.4307e+00 -3.9877e+00
% function evaluation | noise-free fitness - Fopt (-1.000000000000e+03) | best noise-free fitness - Fopt | measured fitness | best measured fitness | x1 | x2...
1 +5.791172902e+05 +5.791172902e+05 +5.781172902e+05 +5.781172902e+05 +4.9285e+00 +4.1048e+00 +2.8114e+00 -1.2938e+00 -5.3961e-01 -2.1224e+00 -4.1047e+00 +4.6803e+00 +4.4960e+00 +4.1258e+00 +2.9746e+00 +4.9617e+00 -2.4279e+00 -1.2708e+00 -2.5356e+00 +2.8596e+00 -3.4590e+00 -4.2978e-01 -8.6090e-01 +2.7003e+00
13 +3.080719072e+05 +3.080719072e+05 +3.070719072e+05 +3.070719072e+05 +4.6072e-01 +2.0458e+00 -2.3225e+00 +1.2030e+00 +2.9871e+00 +2.0183e+00 +1.1632e+00 -1.7457e+00 +9.1922e-01 +2.7566e+00 +4.4976e+00 -2.5089e+00 -3.5360e+00 -4.2228e+00 -1.9375e+00 -1.3159e+00 -9.6330e-01 +1.2574e-01 +2.2533e+00 +2.7767e+00
% function evaluation | noise-free fitness - Fopt (1.319200000000e+02) | best noise-free fitness - Fopt | measured fitness | best measured fitness | x1 | x2...
1 +2.894687973e+06 +2.894687973e+06 +2.894819893e+06 +2.894819893e+06 -3.2509e+00 -3.6867e+00 +1.6411e-02 -4.9500e+00 -1.7982e+00 +2.6261e+00 +2.3251e+00 +4.9206e+00 +4.0020e+00 +1.3922e+00 +5.2501e-01 -1.8193e+00 +4.1889e+00 -1.9385e+00 +3.5609e+00 +3.1001e+00 -3.0051e+00 -1.4232e+00 +1.4847e+00 -1.9874e+00
2 +6.412452162e+05 +6.412452162e+05 +6.413771362e+05 +6.413771362e+05 -9.5442e-01 +4.5586e+00 -1.4687e+00 +4.6691e+00 -4.5305e+00 -2.5795e+00 -3.5402e-01 -4.1894e+00 -2.9048e+00 -4.4011e+00 +1.4052e+00 +1.4796e+00 -3.8900e+00 +1.7601e+00 +3.6096e-01 -2.8308e+00 +4.3970e+00 -7.2081e-01 +4.5216e+00 +2.3168e-01
29 +4.845719978e+05 +4.845719978e+05 +4.847039178e+05 +4.847039178e+05 -2.8995e+00 +4.5200e+00 +4.6392e-01 -3.6985e+00 +2.7764e+00 +8.8657e-01 -3.2762e+00 +2.4535e-01 -4.7413e+00 +5.8459e-01 -4.5765e+00 +4.9015e+00 -4.0412e+00 +3.4970e+00 -1.0414e+00 -2.6749e+00 +2.0578e+00 +2.9464e+00 -9.1520e-01 -1.2307e+00
% function evaluation | noise-free fitness - Fopt (5.908400000000e+02) | best noise-free fitness - Fopt | measured fitness | best measured fitness | x1 | x2...
1 +2.935385366e+05 +2.935385366e+05 +2.941293766e+05 +2.941293766e+05 -1.4689e+00 -2.4568e+00 -7.1028e-01 +2.0798e+00 +3.5553e+00 +3.9827e+00 -2.8762e+00 -4.6968e+00 +3.7908e-01 +1.9191e+00 -2.1401e+00 +1.8116e-01 +4.6428e+00 +1.3049e+00 +3.6872e+00 +5.7724e-01 +1.9179e+00 +9.1233e-01 +5.1483e-01 -1.7226e+00
25 +2.310983901e+05 +2.310983901e+05 +2.316892301e+05 +2.316892301e+05 -9.2007e-01 -3.4270e+00 -1.6113e+00 +2.1387e+00 +1.7818e+00 -2.7942e+00 -3.9488e+00 +1.6048e+00 -2.5620e+00 -2.4310e-01 -3.5505e-01 -2.3031e+00 -3.1629e+00 +2.3066e-01 +2.7611e+00 +1.2091e+00 -4.9159e+00 +6.8951e-01 +3.9269e+00 +4.7648e+00
129 +1.267231942e+05 +1.267231942e+05 +1.273140342e+05 +1.273140342e+05 +3.6306e-01 -8.6878e-02 -3.4353e+00 +1.9871e+00 +4.7604e+00 +2.1846e+00 +1.6799e+00 +3.4733e+00 +4.4777e+00 +5.3056e-01 -1.5551e+00 +1.5830e-01 -3.4925e+00 +4.1975e+00 +1.4945e+00 +2.6214e+00 -3.5817e+00 -3.0776e+00 +4.1064e+00 +1.6184e+00
% function evaluation | noise-free fitness - Fopt (-1.280000000000e+01) | best noise-free fitness - Fopt | measured fitness | best measured fitness | x1 | x2...
1 +3.370426782e+05 +3.370426782e+05 +3.370298782e+05 +3.370298782e+05 +3.7912e+00 -4.0360e+00 -1.4083e+00 -8.8941e-01 -4.7211e+00 +4.0158e+00 +4.0271e+00 -9.6421e-01 +1.0723e+00 -1.7989e-01 +4.0220e+00 +2.4340e+00 -3.8959e+00 -3.7397e+00 -3.4244e+00 -4.2603e+00 +3.5016e+00 +4.1888e+00 +4.5040e+00 -4.8244e+00
% function evaluation | noise-free fitness - Fopt (-1.061000000000e+01) | best noise-free fitness - Fopt | measured fitness | best measured fitness | x1 | x2...
1 +9.158000166e+05 +9.158000166e+05 +9.157894066e+05 +9.157894066e+05 +2.8687e+00 -8.6572e-01 -2.9440e+00 +3.2351e+00 +1.6235e+00 +1.6295e+00 +2.8139e+00 +2.3271e+00 +1.4253e+00 +3.7291e+00 -2.9800e+00 -3.9583e+00 +4.6228e+00 +6.0320e-01 -3.5269e+00 +4.4225e+00 +3.1916e+00 -4.3462e-01 -1.8210e+00 -3.3367e+00
2 +5.748684752e+05 +5.748684752e+05 +5.748578652e+05 +5.748578652e+05 -3.1012e-01 -2.3262e+00 -3.6151e+00 +3.3573e+00 -4.3203e+00 -4.1362e+00 +2.6705e+00 -1.9704e+00 -2.0501e+00 -7.3302e-01 +3.0778e+00 -2.5979e+00 +8.5017e-01 -1.9437e+00 +1.8905e+00 +1.2397e+00 +4.1968e-01 -2.6726e+00 +3.0692e+00 +1.8101e+00
46 +3.123022349e+05 +3.123022349e+05 +3.122916249e+05 +3.122916249e+05 +2.4260e+00 -4.3100e+00 -1.2521e-01 +5.3955e-01 +1.5008e+00 +1.3813e+00 +1.0478e+00 -2.2235e+00 +4.7773e+00 +2.5047e+00 +8.1326e-02 +1.6132e+00 -3.1781e+00 -2.9050e+00 -3.0631e+00 +1.9708e+00 +2.4260e+00 -2.7617e+00 -2.1874e-01 +4.1869e+00
114 +2.116993043e+05 +2.116993043e+05 +2.116886943e+05 +2.116886943e+05 -1.2681e+00 +5.0508e-01 +2.1718e+00 -2.6418e-01 -1.5358e+00 +4.4542e+00 +4.9598e+00 +3.6828e+00 +4.4994e-01 +4.2730e+00 +3.4780e+00 -1.9684e+00 -2.8061e-01 -1.9877e+00 -1.9201e+00 +2.1590e+00 +4.8474e-01 -4.3450e+00 +2.8644e+00 +4.5129e+00
% function evaluation | noise-free fitness - Fopt (-1.844000000000e+02) | best noise-free fitness - Fopt | measured fitness | best measured fitness | x1 | x2...
1 +1.348107850e+06 +1.348107850e+06 +1.347923450e+06 +1.347923450e+06 -1.0486e+00 -7.7948e-03 -9.3288e-01 +3.7188e-01 -4.7669e+00 +3.1032e+00 +3.5295e-01 +1.7889e+00 +3.7479e-01 -3.8850e-01 -9.7517e-01 -3.3872e-01 -4.9960e+00 -1.1405e+00 -3.2084e+00 -2.2755e+00 -8.7931e-01 -4.0852e+00 +1.0902e+00 -3.7353e+00
9 +5.689496046e+05 +5.689496046e+05 +5.687652046e+05 +5.687652046e+05 +4.9759e+00 -3.2391e+00 -5.4977e-01 -3.9444e+00 -4.8963e-01 -3.6512e+00 +1.0641e+00 -1.1057e+00 +1.6845e+00 -3.5526e+00 -3.3540e-01 +3.6578e+00 +1.6360e+00 -2.6040e+00 +2.0614e+00 -3.9431e+00 +3.5251e+00 -4.2450e-01 +2.0312e+00 -8.7285e-01
% function evaluation | noise-free fitness - Fopt (-5.188000000000e+01) | best noise-free fitness - Fopt | measured fitness | best measured fitness | x1 | x2...
1 +1.560310966e+06 +1.560310966e+06 +1.560259086e+06 +1.560259086e+06 -5.3185e-01 -6.0312e-01 -3.1137e+00 +2.1887e+00 +3.0910e+00 +4.2937e+00 -4.4986e+00 -1.8094e+00 -3.2056e+00 +4.5166e-01 -3.8695e+00 +2.2823e+00 +7.0545e-01 -9.5054e-01 -1.5260e+00 -3.0940e+00 +1.8361e+00 +1.7889e+00 -4.9011e+00 +2.4396e+00
4 +8.542252810e+05 +8.542252810e+05 +8.541734010e+05 +8.541734010e+05 -3.0410e+00 -4.0520e+00 +1.3523e+00 -9.2177e-01 +1.3048e+00 -3.2404e+00 +3.4603e-01 -4.6016e+00 +3.9816e+00 +2.2983e-01 +1.3599e+00 +4.0660e+00 +3.9948e+00 -2.8327e+00 +9.6300e-02 -3.7585e+00 +3.4019e-01 -1.6598e+00 -2.0552e+00 -4.2989e+00
45 +6.019288723e+05 +6.019288723e+05 +6.018769923e+05 +6.018769923e+05 -1.8102e+00 -4.8449e+00 +9.5568e-01 +2.1214e+00 +1.2069e+00 +3.0541e+00 +2.1871e+00 -4.8536e+00 +1.1080e+00 -3.8651e-01 +1.4056e+00 -3.7086e+00 -7.3417e-01 +3.2366e+00 -3.0043e-02 -4.7410e-01 -1.4409e+00 -1.3401e-01 -2.7117e+00 +7.7043e-01
% function evaluation | noise-free fitness - Fopt (6.980000000000e+01) | best noise-free fitness - Fopt | measured fitness | best measured fitness | x1 | x2...
1 +1.376836038e+06 +1.376836038e+06 +1.376905838e+06 +1.376905838e+06 +2.9745e+00 +3.9765e+00 +5.7395e-01 +6.7276e-01 +3.2971e+00 +2.5768e+00 +1.7508e+00 +1.7852e+00 +1.8285e+00 -6.4172e-01 +3.6250e+00 +2.5656e+00 +6.8860e-02 +4.6638e+00 +4.0458e+00 +2.7277e+00 -2.4614e+00 -2.2478e+00 +2.0423e+00 -1.8197e+00
2 +5.852405642e+05 +5.852405642e+05 +5.853103642e+05 +5.853103642e+05 +1.1658e+00 +2.3149e+00 +4.1596e+00 +1.2811e+00 -1.5849e+00 -1.0853e-01 -1.1469e+00 +4.3672e+00 +2.8689e+00 +1.1202e+00 +3.3795e+00 +2.3084e-01 +3.1688e+00 +1.6539e+00 +4.5544e+00 -2.1266e-01 -3.8370e-01 +4.9067e-01 -2.9415e+00 -5.3245e-01
7 +3.011483712e+05 +3.011483712e+05 +3.012181712e+05 +3.012181712e+05 -4.8129e+00 +4.2342e+00 +1.4270e+00 -1.3879e+00 -1.4089e+00 -1.8462e+00 +3.8452e+00 +4.4153e+00 +4.0714e+00 -1.0620e+00 -3.2946e+00 -4.2899e+00 +2.8438e+00 +1.7384e+00 +1.9635e+00 -2.7397e+00 -2.9207e+00 +3.0266e+00 -3.1075e+00 +1.8010e+00
73 +2.092290160e+05 +2.092290160e+05 +2.092988160e+05 +2.092988160e+05 -4.0651e+00 -1.9560e+00 -1.5885e+00 -2.2758e+00 -1.2548e+00 -2.2092e+00 -2.7389e+00 +4.4382e+00 +4.5020e+00 -3.2423e+00 +1.6481e+00 -1.4713e+00 +2.9988e+00 +3.0869e+00 -5.2858e-01 +2.3682e+00 +1.2962e+00 +4.0067e+00 -7.8033e-01 -2.6736e-01
% function evaluation | noise-free fitness - Fopt (1.105400000000e+02) | best noise-free fitness - Fopt | measured fitness | best measured fitness | x1 | x2...
1 +6.218168305e+05 +6.218168305e+05 +6.219273705e+05 +6.219273705e+05 +1.2347e+00 -1.2714e+00 -1.0699e+00 +3.7298e+00 +4.6726e+00 -6.0837e-01 +9.5753e-01 +3.0649e+00 -6.5620e-01 -1.1918e+00 +4.8800e+00 -9.0861e-01 +2.7262e+00 -1.3745e+00 -2.4455e+00 +3.9074e+00 +3.0651e+00 +1.6760e+00 -2.0702e+00 -6.0202e-01
12 +3.578126201e+05 +3.578126201e+05 +3.579231601e+05 +3.579231601e+05 +2.6695e+00 +2.6641e+00 +3.6672e+00 +2.5049e+00 -1.3073e+00 +3.6240e+00 +7.3833e-01 -3.7914e+00 +3.6611e+00 +4.4829e+00 +5.8794e-01 -1.5622e+00 -4.7643e+00 -1.9498e+00 -4.6553e+00 +1.8887e+00 +3.9639e-01 +5.3598e-03 +2.1736e+00 +2.9017e+00
116 +1.563072977e+05 +1.563072977e+05 +1.564178377e+05 +1.564178377e+05 -4.9033e+00 +3.4683e+00 -1.3587e-01 +1.0716e+00 +2.8095e+00 +3.8797e+00 +1.9856e+00 -1.6796e+00 +1.9129e-01 +3.9168e+00 -2.1779e+00 -2.7992e+00 -4.0544e+00 -1.4727e+00 -3.7894e+00 +3.2261e-01 +3.5528e+00 +3.4894e+00 -1.1887e+00 +4.4689e+00
% function evaluation | noise-free fitness - Fopt (6.121000000000e+02) | best noise-free fitness - Fopt | measured fitness | best measured fitness | x1 | x2...
1 +1.018190518e+06 +1.018190518e+06 +1.018802618e+06 +1.018802618e+06 +2.8205e+00 -3.1688e+00 +4.2416e+00 +1.3912e+00 +1.2561e+00 -4.2937e-01 +3.1833e+00 +7.8926e-01 -3.1649e+00 +3.7493e+00 -2.1204e+00 +4.2037e+00 -3.3497e+00 -1.9468e+00 +4.2644e+00 +1.2940e+00 -2.2182e+00 +2.8995e-01 +4.0952e+00 -3.0042e+00
3 +9.821776657e+05 +9.821776657e+05 +9.827897657e+05 +9.827897657e+05 -5.3556e-01 -1.2063e-01 -1.3595e+00 -1.8040e+00 +3.2249e+00 -4.5715e+00 -3.4803e+00 +2.3201e-01 -8.7097e-01 +6.0886e-01 +3.9311e+00 +4.4549e+00 -7.0026e-01 -2.2773e+00 -3.8898e+00 +4.2157e-01 -3.4109e+00 +1.9893e+00 +2.1380e+00 +4.1962e+00
7 +5.581639428e+05 +5.581639428e+05 +5.587760428e+05 +5.587760428e+05 -4.4676e-01 -3.7737e+00 -2.4179e+00 +1.1720e-01 -4.2464e+00 +1.2560e+00 +3.4005e+00 +4.6598e+00 +1.4222e+00 -1.5715e+00 +4.9097e+00 +3.6737e+00 +2.9054e+00 +2.2372e+00 -3.1958e+00 -2.4031e+00 +3.7536e+00 +2.4273e+00 -4.0832e+00 -1.1501e-01
21 +2.990576629e+05 +2.990576629e+05 +2.996697629e+05 +2.996697629e+05 +1.6196e+00 +1.7095e-01 +4.5186e+00 -4.2645e+00 +2.2622e+00 -1.8114e+00 +4.3130e+00 -3.4772e+00 +1.2265e+00 -5.3989e-01 +1.0953e-01 +3.3120e+00 -5.5628e-01 -4.1712e+00 +2.6450e+00 +1.4606e+00 -3.0482e+00 +2.4913e+00 +8.7430e-01 -4.3811e+00
77 +2.236034434e+05 +2.236034434e+05 +2.242155434e+05 +2.242155434e+05 +4.1165e-01 -1.8368e+00 -9.5944e-01 -3.5608e+00 +6.2943e-01 -1.1451e+00 -2.4999e+00 -2.9696e+00 -3.6843e+00 -1.7526e+00 +2.8357e+00 +2.8993e+00 +1.1960e+00 +4.2691e-01 -1.8396e+00 -4.4725e+00 +2.1821e-01 +2.2544e+00 +2.6469e+00 -1.8992e-01
% function evaluation | noise-free fitness - Fopt (-4.657200000000e+02) | best noise-free fitness - Fopt | measured fitness | best measured fitness | x1 | x2...
1 +1.213900068e+06 +1.213900068e+06 +1.213434348e+06 +1.213434348e+06 +9.3201e-01 -1.6762e+00 -2.6042e+00 +4.4666e+00 +4.6628e+00 -4.9635e+00 +1.6643e-01 -4.3521e-01 -2.8606e+00 -3.2036e+00 -3.9471e+00 -8.1887e-01 -8.6953e-01 -1.6620e+00 -1.5157e+00 -1.5505e+00 -2.9672e+00 +8.4033e-01 -4.3202e+00 +2.8822e+00
3 +6.054251024e+05 +6.054251024e+05 +6.049593824e+05 +6.049593824e+05 +3.8367e+00 +6.3087e-01 -2.3464e-01 +3.0716e+00 +4.6974e+00 +2.9897e+00 +1.8146e+00 -4.7417e+00 -6.2986e-01 -1.5474e+00 +1.6899e-01 +3.9997e+00 -1.0954e+00 +4.2691e+00 -4.2049e+00 -2.4793e+00 -1.0304e+00 -2.5346e-01 +2.3409e-01 -3.0092e+00
50 +2.971586016e+05 +2.971586016e+05 +2.966928816e+05 +2.966928816e+05 -2.2342e+00 +4.3122e+00 +4.3264e+00 +5.9085e-02 +4.8657e+00 -2.6984e-02 +4.4098e+00 -4.5959e+00 +2.9955e-01 +3.0080e+00 -4.8619e+00 -1.7687e+00 +4.4045e+00 -4.1852e+00 +3.2341e+00 +1.7517e+00 +2.4133e+00 -1.3122e+00 +4.3682e+00 +3.4070e-01
% function evaluation | noise-free fitness - Fopt (1.306000000000e+01) | best noise-free fitness - Fopt | measured fitness | best measured fitness | x1 | x2...
1 +6.370774773e+05 +6.370774773e+05 +6.370905373e+05 +6.370905373e+05 +2.9230e-01 +5.7685e-01 +4.0036e-01 +2.1026e+00 -1.7731e+00 +1.4425e+00 -1.2383e+00 -3.2458e+00 +4.1205e+00 -1.0968e-02 -1.8031e+00 -1.7087e-01 -1.4269e+00 +5.3245e-02 -3.0817e+00 -3.5991e+00 -2.5339e+00 -4.0838e-01 -3.7864e-01 +3.8160e+00
15 +5.952289026e+05 +5.952289026e+05 +5.952419626e+05 +5.952419626e+05 -3.1685e+00 -4.8944e-02 +2.8381e-01 -9.2696e-02 -4.2585e-01 +2.7905e+00 -1.3845e+00 +2.4709e+00 -3.7603e+00 -4.6077e+00 +3.7320e+00 -5.5135e-01 +2.9666e+00 -3.1498e+00 -3.5200e+00 +3.7885e+00 +9.4421e-01 +9.0380e-01 +4.9447e+00 -3.9501e+00
38 +3.549924529e+05 +3.549924529e+05 +3.550055129e+05 +3.550055129e+05 -1.6678e+00 -2.7489e+00 +2.9049e+00 +3.2467e+00 -2.0790e+00 +2.4094e+00 -1.2641e+00 -1.9694e+00 +2.9731e+00 -3.5769e+00 +4.6151e+00 -1.1858e+00 +4.3558e+00 -2.3503e+00 +6.3592e-01 +1.8043e+00 -4.3397e+00 -3.6267e+00 +1.1650e+00 -3.0956e+00
% function evaluation | noise-free fitness - Fopt (2.655000000000e+01) | best noise-free fitness - Fopt | measured fitness | best measured fitness | x1 | x2...
1 +1.536818070e+06 +1.536818070e+06 +1.536844620e+06 +1.536844620e+06 -2.9351e+00 +4.2438e+00 -1.0879e+00 -1.0148e+00 +2.8256e-01 +1.2812e+00 -2.7373e-01 +2.4088e+00 -2.2063e+00 -2.7923e+00 -9.2202e-01 -2.0485e+00 -2.2746e+00 +2.9090e+00 -3.8089e+00 +4.9625e+00 -1.2068e+00 +4.5773e-01 -4.3156e-01 +1.8906e+00
14 +5.802416411e+05 +5.802416411e+05 +5.802681911e+05 +5.802681911e+05 -6.4896e-01 -2.6455e+00 +4.7907e+00 +3.9594e+00 +1.7685e+00 +1.0589e-01 -3.1884e+00 -7.3954e-01 +8.6148e-01 -7.6070e-01 -1.7753e-01 +2.7972e+00 -4.0334e+00 +1.3171e+00 -1.4836e+00 -2.4704e-01 -2.4750e-01 -8.9624e-01 +1.1873e-02 -1.5647e+00
34 +3.079472572e+05 +3.079472572e+05 +3.079738072e+05 +3.079738072e+05 +1.2483e+00 -2.1415e+00 +3.3255e+00 -1.9311e+00 +3.4386e+00 +4.8290e+00 +1.1940e+00 -3.5351e+00 -2.3512e+00 +3.8379e+00 +3.4868e+00 +1.3411e-01 +1.6140e-01 -1.4794e+00 -4.2806e+00 -7.4641e-01 -4.9652e+00 +4.1397e+00 +2.7144e+00 -1.4022e+00
