% function evaluation | noise-free fitness - Fopt (1.026100000000e+02) | best noise-free fitness - Fopt | measured fitness | best measured fitness | x1 | x2...
1 +8.341492573e+02 +8.341492573e+02 +9.367592573e+02 +9.367592573e+02 -4.0514e+00 +1.2239e+00 -3.2852e+00 +3.1091e+00 -4.1916e+00 -3.6894e+00 -3.7734e+00 +3.8351e+00 -5.5382e-01 -4.8980e+00 +3.8570e+00 -4.3714e+00 -1.6943e+00 +3.5650e+00 +1.8743e+00 +9.8569e-02 -3.3616e+00 +1.4470e+00 -2.7572e+00 +4.1282e+00
2 +5.767371175e+02 +5.767371175e+02 +6.793471175e+02 +6.793471175e+02 +3.8123e+00 -3.7254e+00 +9.0230e-01 -2.0799e+00 +6.2675e-01 +7.3038e-02 -1.2814e+00 -2.1987e+00 -5.9515e-01 +6.7208e-02 +1.3664e+00 -4.6655e-01 -4.4705e+00 -5.8908e-01 +2.7353e+00 -1.3078e+00 -1.1508e+00 -3.3090e-01 +3.3814e+00 +4.7375e+00
% function evaluation | noise-free fitness - Fopt (9.330000000000e+01) | best noise-free fitness - Fopt | measured fitness | best measured fitness | x1 | x2...
1 +8.744890529e+02 +8.744890529e+02 +9.677890529e+02 +9.677890529e+02 +3.8644e+00 +3.1884e+00 +1.7417e+00 -1.9434e+00 +2.2463e+00 -5.3969e-01 +2.9381e+00 -3.4187e+00 -9.1617e-01 +3.9836e+00 +2.7788e+00 -3.2079e+00 -4.9814e+00 -3.9883e+00 -4.6387e+00 +3.0289e-01 -6.1859e-01 +3.8386e+00 -9.6517e-01 +2.5152e+00
5 +4.816887804e+02 +4.816887804e+02 +5.749887804e+02 +5.749887804e+02 +3.9142e+00 -4.2239e+00 -1.6410e+00 -1.9187e+00 -5.7745e-01 -2.4339e+00 -6.0653e-01 +3.1127e+00 -2.3483e+00 +1.8655e+00 -8.5034e-01 +2.2212e+00 +3.3847e+00 -2.1756e+00 +2.7082e+00 -2.4005e+00 +8.0690e-01 -1.6557e+00 -7.8059e-03 -2.9105e+00
% function evaluation | noise-free fitness - Fopt (1.364000000000e+01) | best noise-free fitness - Fopt | measured fitness | best measured fitness | x1 | x2...
1 +1.045284433e+03 +1.045284433e+03 +1.058924433e+03 +1.058924433e+03 -2.3042e+00 -4.1415e+00 +4.4134e+00 -2.5609e+00 +3.7124e-01 +4.9277e+00 +4.8843e+00 +1.8119e+00 +2.2236e+00 +3.2376e+00 +1.4895e+00 +3.5452e+00 -3.7619e+00 +3.6975e+00 +4.3651e+00 -4.0029e+00 -4.9076e+00 -2.3236e+00 +1.6138e+00 +1.5659e+00
2 +7.800094568e+02 +7.800094568e+02 +7.936494568e+02 +7.936494568e+02 +7.2121e-01 -1.4191e+00 -4.1177e+00 -1.8474e+00 +4.6155e+00 +4.3599e+00 -2.4454e+00 -1.4500e+00 -1.0877e+00 +1.2702e+00 +3.0789e+00 +1.4407e+00 +2.5804e+00 +2.8144e+00 +4.4932e+00 +2.4668e+00 -5.0978e-01 +2.1635e+00 +1.5456e+00 -6.7262e-02
7 +5.910032073e+02 +5.910032073e+02 +6.046432073e+02 +6.046432073e+02 +4.2079e+00 -5.2419e-01 -2.0137e+00 +4.5358e+00 +1.8261e+00 -4.5876e+00 +1.5618e-02 +6.4864e-01 +5.2283e-01 -4.4215e+00 -2.9641e+00 -1.5820e+00 +5.2287e-01 -3.7651e+00 +2.4395e+00 -3.1217e+00 -7.6278e-01 -4.1042e+00 +3.5943e-01 -3.8107e-01
% function evaluation | noise-free fitness - Fopt (1.948000000000e+02) | best noise-free fitness - Fopt | measured fitness | best measured fitness | x1 | x2...
1 +8.335690850e+02 +8.335690850e+02 +1.028369085e+03 +1.028369085e+03 +4.8882e-01 +1.9079e+00 -4.0363e+00 +7.3178e-01 +4.7005e-02 -8.2304e-01 -3.6498e+00 -7.4797e-01 +3.5083e+00 +4.0944e+00 +1.6780e+00 +4.1910e+00 +4.3184e+00 -4.4859e+00 -3.4159e+00 -2.9757e+00 +2.9735e+00 -6.2744e-01 +1.9219e+00 +2.8239e+00
8 +6.284493169e+02 +6.284493169e+02 +8.232493169e+02 +8.232493169e+02 -4.7224e+00 +2.8171e+00 -1.8446e+00 -7.1114e-02 +3.6914e+00 +1.1387e-01 -2.4489e+00 -8.0440e-01 +3.1947e+00 +2.2447e+00 -8.8169e-01 +1.6692e-01 +4.9242e+00 -2.9144e+00 -3.2106e+00 +1.1345e+00 -1.1899e+00 -2.2196e+00 +2.1511e+00 -4.0272e+00
% function evaluation | noise-free fitness - Fopt (-1.335900000000e+02) | best noise-free fitness - Fopt | measured fitness | best measured fitness | x1 | x2...
1 +1.079965079e+03 +1.079965079e+03 +9.463750790e+02 +9.463750790e+02 -3.8207e+00 -4.5382e+00 -3.8014e+00 -3.0957e+00 +2.6168e+00 -4.9764e+00 -3.9302e+00 +3.0590e+00 +4.7158e+00 +1.3900e+00 -4.5768e+00 -4.6871e+00 -1.7130e+00 -3.3654e+00 +1.4828e+00 +1.7789e+00 -3.4801e+00 -3.2856e+00 -2.6872e-01 +3.8530e+00
2 +6.793476311e+02 +6.793476311e+02 +5.457576311e+02 +5.457576311e+02 +2.0103e+00 +3.9379e+00 -2.9685e-01 -4.3473e+00 -8.7411e-01 -1.8286e+00 -1.8836e+00 +2.7340e+00 +1.3841e+00 -4.9773e-01 -1.7100e+00 -2.7057e+00 -3.0017e+00 -1.3358e+00 +3.0071e+00 +3.3212e+00 +3.2134e+00 +2.5854e+00 +4.8449e+00 +3.2890e+00
4 +5.622551758e+02 +5.622551758e+02 +4.286651758e+02 +4.286651758e+02 -2.9227e+00 -2.9084e+00 +8.2481e-01 -2.8198e+00 +2.1669e-01 -2.7081e+00 -9.5313e-01 +2.1292e+00 -3.1722e+00 +1.2350e+00 +7.5388e-02 +2.7256e+00 -3.6321e+00 +1.0528e+00 -1.1405e+00 +2.2108e+00 -3.1081e-01 +5.2208e-01 +9.5929e-01 +2.6193e+00
% function evaluation | noise-free fitness - Fopt (-8.468100000000e+02) | best noise-free fitness - Fopt | measured fitness | best measured fitness | x1 | x2...
1 +1.049487913e+03 +1.049487913e+03 +2.026779127e+02 +2.026779127e+02 -2.9294e+00 -4.7715e+00 -6.7933e-01 +3.4076e+00 -4.1204e+00 -7.4171e-01 +4.8632e+00 +1.9323e+00 -1.1541e+00 +2.4992e-01 +3.7897e+00 +3.2277e+00 -3.8403e+00 -4.0723e+00 -2.7254e+00 -3.6541e+00 +3.0422e+00 -2.7732e+00 +1.6469e+00 +4.9460e+00
2 +8.788557803e+02 +8.788557803e+02 +3.204578029e+01 +3.204578029e+01 -3.6992e+00 -3.7841e+00 -3.4307e+00 +5.4865e-01 +3.6779e-02 +4.3157e+00 -2.6771e+00 +2.4672e+00 -1.1775e+00 -3.9357e+00 -1.4241e+00 -2.2066e+00 +4.0123e+00 -3.4290e+00 +1.4170e+00 -2.1526e+00 -2.4465e+00 -1.7690e+00 -1.3557e+00 +7.3022e-01
40 +5.782760326e+02 +5.782760326e+02 -2.685339674e+02 -2.685339674e+02 +1.8290e+00 -5.8645e-01 +5.6813e-01 -1.2430e+00 -9.1985e-02 -1.9048e+00 -4.7077e+00 +1.6967e+00 +8.2266e-01 -3.5775e+00 +5.0260e-01 +1.8981e+00 +2.3951e+00 +1.2405e+00 -4.8179e+00 -3.4018e+00 -8.2145e-01 -6.8622e-01 +3.7705e+00 -1.4107e+00
% function evaluation | noise-free fitness - Fopt (1.363000000000e+01) | best noise-free fitness - Fopt | measured fitness | best measured fitness | x1 | x2...
1 +7.190910310e+02 +7.190910310e+02 +7.327210310e+02 +7.327210310e+02 +1.4258e+00 +4.2342e-02 +3.0356e+00 +5.6473e-02 -9.2902e-01 -4.9054e+00 -4.3897e-01 +4.3172e+00 +1.9207e+00 +1.2225e+00 -2.8178e+00 +1.5406e+00 +6.7322e-01 +4.0381e+00 +2.5326e+00 -5.5812e-01 +3.4316e+00 -4.7782e-01 +5.5426e-02 +1.9041e+00
3 +6.038911883e+02 +6.038911883e+02 +6.175211883e+02 +6.175211883e+02 -1.1442e+00 -2.8257e+00 +4.5068e+00 +1.4619e+00 +1.2966e+00 -2.6039e+00 +4.6070e+00 +3.3236e+00 +3.1999e+00 +1.0236e+00 +1.9444e+00 +9.4359e-01 +3.3107e+00 -4.4886e+00 -3.1868e+00 +2.5553e+00 +2.4294e+00 +3.8323e+00 +2.6671e+00 +8.0172e-01
101 +3.936081082e+02 +3.936081082e+02 +4.072381082e+02 +4.072381082e+02 -6.9585e-01 +3.9637e+00 +1.7695e+00 +2.0850e+00 -3.5768e+00 -7.0759e-02 +1.5217e+00 +7.0641e-01 -2.2884e+00 -2.6182e+00 +2.5009e+00 -3.7528e+00 -1.4310e+00 -2.7058e+00 +4.9367e-01 +3.0614e+00 -1.4029e+00 +3.6455e+00 +3.1549e-01 +2.3495e+00
% function evaluation | noise-free fitness - Fopt (-3.718000000000e+01) | best noise-free fitness - Fopt | measured fitness | best measured fitness | x1 | x2...
1 +7.774098897e+02 +7.774098897e+02 +7.402298897e+02 +7.402298897e+02 +1.5226e+00 +4.1426e+00 -1.1737e+00 -1.0588e+00 -1.2388e+00 -1.7867e+00 -4.6035e+00 +3.3063e+00 -3.9637e+00 -2.9428e+00 -2.0709e+00 +2.7677e+00 -4.6450e+00 +2.1482e+00 -3.2220e+00 +2.1261e+00 -1.3992e+00 -4.5889e+00 +6.8426e-01 +1.7642e-01
4 +5.352319067e+02 +5.352319067e+02 +4.980519067e+02 +4.980519067e+02 -2.6862e+00 -3.0781e+00 +1.3861e+00 +7.2796e-01 +1.5480e+00 +2.7592e+00 -1.7198e-01 -2.0717e+00 -7.8886e-02 -1.8550e+00 +4.8624e+00 -2.7023e+00 -4.0389e-01 +3.8616e+00 -7.0409e-01 -4.3388e-01 +4.4008e+00 +1.4341e+00 +3.1984e-01 -1.6133e-01
% function evaluation | noise-free fitness - Fopt (2.275200000000e+02) | best noise-free fitness - Fopt | measured fitness | best measured fitness | x1 | x2...
1 +7.966529755e+02 +7.966529755e+02 +1.024172976e+03 +1.024172976e+03 -1.0728e+00 -2.6442e+00 -1.9118e+00 -2.0952e+00 -4.3997e+00 -4.5292e+00 -1.1087e+00 +3.2771e+00 +1.2337e+00 +3.9528e+00 -1.1140e+00 -1.1196e+00 -2.0124e+00 -2.6818e+00 -1.1720e+00 -3.5195e+00 +4.4971e+00 +1.4924e+00 -1.4838e-01 +4.3890e+00
17 +5.773988767e+02 +5.773988767e+02 +8.049188767e+02 +8.049188767e+02 -3.1715e-02 -1.0926e-01 +6.0659e-02 -4.0923e+00 -3.7673e+00 -2.6804e+00 +1.3724e+00 +3.9265e+00 +1.2679e+00 -3.0861e-01 -2.8762e-01 +2.7519e+00 -2.7471e+00 +6.8089e-01 -2.3220e-02 -1.5980e+00 -2.2977e+00 +1.0118e+00 -8.4947e-02 -4.0902e+00
% function evaluation | noise-free fitness - Fopt (6.370000000000e+00) | best noise-free fitness - Fopt | measured fitness | best measured fitness | x1 | x2...
1 +9.587937446e+02 +9.587937446e+02 +9.651637446e+02 +9.651637446e+02 -3.0585e+00 -2.2008e+00 -3.2402e+00 -1.8443e+00 +1.9122e+00 -1.5846e+00 +2.9649e-01 +1.5141e+00 +4.7983e+00 -4.3594e+00 -1.2436e+00 -6.0649e-01 +4.8668e+00 -4.1015e+00 +4.0610e+00 -1.7678e+00 -2.6659e+00 +2.1201e+00 -3.0198e+00 +1.1437e+00
4 +5.725918132e+02 +5.725918132e+02 +5.789618132e+02 +5.789618132e+02 +4.6280e-01 +1.3252e+00 -1.0604e+00 +2.6444e-01 +9.5747e-01 -2.9700e+00 +1.1994e+00 -4.7487e+00 -2.5084e+00 -9.9948e-01 -1.2804e-01 +3.7781e+00 +2.3556e+00 +1.8641e+00 -5.0459e-01 -1.2811e+00 -1.1757e-01 +1.9600e+00 -4.7030e+00 +4.8657e+00
% function evaluation | noise-free fitness - Fopt (-1.082600000000e+02) | best noise-free fitness - Fopt | measured fitness | best measured fitness | x1 | x2...
1 +9.832489949e+02 +9.832489949e+02 +8.749889949e+02 +8.749889949e+02 -1.0419e+00 +4.9080e+00 -4.4557e+00 -4.1464e+00 -2.6081e+00 +5.5367e-01 -3.1093e+00 -4.6081e+00 -8.1093e-01 -3.5101e+00 +1.2420e+00 +1.1996e+00 +1.6691e+00 -4.3980e+00 -1.1291e+00 -4.6158e+00 +2.7382e+00 +6.7186e-01 -4.9883e+00 -1.6542e+00
20 +4.795175913e+02 +4.795175913e+02 +3.712575913e+02 +3.712575913e+02 -1.8166e+00 +1.5862e+00 -2.6866e+00 -3.4039e+00 -9.1633e-02 +3.6728e+00 +2.6999e+00 +2.7133e+00 -9.5684e-01 -1.5786e+00 +2.1791e+00 -5.2794e-01 +3.6366e+00 +3.5128e+00 +2.0832e+00 -2.6372e-01 +3.0350e+00 -6.1884e-01 +2.1219e+00 +2.7059e-01
% function evaluation | noise-free fitness - Fopt (-1.000000000000e+03) | best noise-free fitness - Fopt | measured fitness | best measured fitness | x1 | x2...
1 +8.075647889e+02 +8.075647889e+02 -1.924352111e+02 -1.924352111e+02 -3.2741e+00 -3.5979e+00 -4.2519e+00 -1.1932e+00 +4.6378e-01 +3.6708e+00 -2.6046e-01 -1.2081e+00 -4.6295e+00 -4.5714e-01 -1.9708e+00 -4.6661e+00 +3.9850e+00 -2.4059e-01 -9.2820e-01 +2.0063e+00 +3.4481e+00 +2.7517e+00 +2.3989e+00 +3.0525e+00
4 +4.836913135e+02 +4.836913135e+02 -5.163086865e+02 -5.163086865e+02 +2.8324e+00 -2.0213e-01 -9.0226e-01 +1.3774e+00 -4.5983e+00 +1.6918e+00 +1.9805e+00 +4.1965e-01 -7.7255e-01 +1.5277e+00 +3.3943e+00 +2.8508e+00 -1.2972e+00 -2.5965e+00 -2.0840e+00 -1.8307e+00 +3.0750e+00 +3.4641e+00 +3.0994e+00 -4.9379e+00
% function evaluation | noise-free fitness - Fopt (-8.434000000000e+01) | best noise-free fitness - Fopt | measured fitness | best measured fitness | x1 | x2...
1 +8.574510012e+02 +8.574510012e+02 +7.731110012e+02 +7.731110012e+02 -2.0017e+00 -5.0156e-01 +2.8709e+00 -2.5860e+00 -4.2644e-01 -3.9332e+00 +4.7547e+00 +1.0412e+00 +2.2635e-01 +4.1705e+00 +2.8594e+00 -4.8757e+00 +1.2416e+00 -2.4851e+00 +9.8494e-01 -1.1691e+00 +3.6253e+00 -3.1211e+00 +1.5823e-01 +2.3653e+00
16 +5.228195835e+02 +5.228195835e+02 +4.384795835e+02 +4.384795835e+02 +2.3733e+00 +1.4298e+00 -1.6830e+00 +1.0773e-01 +3.3479e+00 -2.3562e+00 -1.2426e+00 +5.3042e-01 +3.9667e+00 -2.6361e+00 -7.6984e-01 +2.5636e+00 +4.6829e+00 +2.4501e-01 +3.8607e+00 -1.3873e+00 -2.5659e+00 +1.2307e+00 +1.2878e+00 -2.1800e+00
% function evaluation | noise-free fitness - Fopt (7.213000000000e+01) | best noise-free fitness - Fopt | measured fitness | best measured fitness | x1 | x2...
1 +8.315478361e+02 +8.315478361e+02 +9.036778361e+02 +9.036778361e+02 +1.0965e-01 -4.3237e+00 -3.6038e+00 +1.9211e+00 -8.7413e-01 +3.5526e+00 -1.0752e+00 +4.8503e+00 -1.6536e+00 +1.3063e+00 -1.5031e+00 +4.3415e+00 -3.8040e+00 -3.7372e+00 +2.5181e+00 +3.6220e+00 +2.0705e+00 -2.4642e+00 +4.5748e+00 -3.1192e+00
7 +5.981124993e+02 +5.981124993e+02 +6.702424993e+02 +6.702424993e+02 -3.6420e+00 -3.2785e+00 +2.2997e+00 +2.3560e+00 -4.0785e+00 +3.4893e+00 +5.0278e-02 -3.7282e+00 +2.4903e-01 -2.8902e+00 +2.1080e+00 +3.0338e+00 +7.1567e-01 -2.7641e+00 +1.9514e+00 -1.7982e+00 +3.3711e+00 +2.2867e+00 +3.8775e+00 +7.7757e-01
% function evaluation | noise-free fitness - Fopt (-1.338000000000e+02) | best noise-free fitness - Fopt | measured fitness | best measured fitness | x1 | x2...
1 +8.706018232e+02 +8.706018232e+02 +7.368018232e+02 +7.368018232e+02 +2.4117e+00 -2.8247e+00 -1.8727e+00 -4.0156e+00 -4.2500e+00 +4.1979e+00 +1.1094e+00 -2.2058e+00 +4.4918e-01 -4.6779e+00 +3.5137e-01 -2.5111e+00 -3.5180e+00 +1.9496e-01 +2.3095e+00 -2.5990e-02 -4.5401e+00 +1.6910e-01 -3.7692e+00 +5.1324e-01
4 +5.254965175e+02 +5.254965175e+02 +3.916965175e+02 +3.916965175e+02 +1.4173e+00 +4.6864e+00 +9.6855e-01 -1.7516e+00 -6.6317e-01 +2.7375e+00 +2.7137e+00 -1.4067e+00 +4.2539e+00 -2.2066e+00 +1.4591e+00 -5.6249e-01 -5.7096e-01 +3.4586e+00 -1.3566e+00 +2.0048e+00 +4.5723e+00 -3.7425e-02 +4.8192e-01 -6.1225e-01
