% function evaluation | noise-free fitness - Fopt (6.870000000000e+00) | best noise-free fitness - Fopt | measured fitness | best measured fitness | x1 | x2...
1 +2.090474044e+01 +2.090474044e+01 +2.777474044e+01 +2.777474044e+01 +4.6951e+00 -2.0647e+00 -2.9061e+00 +4.7820e+00 +4.9156e+00 -2.6824e+00 +3.7144e+00 -2.3472e+00 -4.7173e-01 -4.6609e+00
3 +8.498111524e+00 +8.498111524e+00 +1.536811152e+01 +1.536811152e+01 +4.8176e+00 -1.7994e+00 +4.3829e+00 -3.7603e+00 +3.8501e+00 -8.4175e-01 +3.4199e+00 +2.7822e+00 +1.4899e+00 -4.4346e+00
13 +5.758982086e+00 +5.758982086e+00 +1.262898209e+01 +1.262898209e+01 +4.2147e+00 +3.6965e+00 +4.1068e+00 +1.8454e+00 +4.6966e+00 +4.6482e+00 +4.7318e+00 +3.6871e+00 +7.1691e-01 +9.2979e-01
52 +2.141214272e+00 +2.141214272e+00 +9.011214272e+00 +9.011214272e+00 +6.4210e-01 +4.4108e+00 -3.2260e+00 +1.7714e+00 -3.1984e+00 +3.6097e+00 -1.2712e+00 +1.9021e+00 +9.6514e-01 -3.5686e+00
% function evaluation | noise-free fitness - Fopt (1.000000000000e-02) | best noise-free fitness - Fopt | measured fitness | best measured fitness | x1 | x2...
1 +1.576748625e+01 +1.576748625e+01 +1.577748625e+01 +1.577748625e+01 -3.5330e-01 +4.8215e-01 +2.3443e-01 -4.4233e+00 +4.9709e+00 -2.7606e+00 +3.9458e+00 -2.9020e+00 -1.1692e+00 +1.5582e-01
10 +5.937452992e+00 +5.937452992e+00 +5.947452992e+00 +5.947452992e+00 +2.4713e+00 -1.8376e+00 +4.2194e+00 +2.1630e+00 +4.8836e+00 +1.9531e+00 -5.1786e-01 +8.8157e-01 +3.7003e+00 +4.3499e+00
% function evaluation | noise-free fitness - Fopt (-1.306100000000e+02) | best noise-free fitness - Fopt | measured fitness | best measured fitness | x1 | x2...
1 +2.030300036e+01 +2.030300036e+01 -1.103069996e+02 -1.103069996e+02 +6.2484e-01 -1.3415e+00 -2.6594e+00 +3.6835e+00 -3.3713e+00 -3.2673e+00 -2.9307e+00 +1.8086e+00 -3.4916e+00 +4.0024e+00
2 +1.340722326e+01 +1.340722326e+01 -1.172027767e+02 -1.172027767e+02 +8.1471e-01 +3.6020e-01 -3.6898e+00 -3.7974e+00 +3.1557e+00 -3.8456e+00 +3.9539e+00 +3.4024e+00 -1.8555e+00 -1.0111e+00
7 +8.660681890e+00 +8.660681890e+00 -1.219493181e+02 -1.219493181e+02 +3.8928e+00 -3.8086e+00 +1.0028e+00 -4.0537e+00 -2.9255e-01 -2.7052e+00 -3.2361e+00 +1.3944e+00 +4.5537e+00 -3.1996e+00
13 +3.589078155e+00 +3.589078155e+00 -1.270209218e+02 -1.270209218e+02 +4.4580e-01 -4.3589e+00 -4.6570e+00 -1.1433e+00 +2.1763e+00 -1.2942e+00 -4.9290e+00 -1.9510e-01 -2.0094e+00 +3.9740e+00
% function evaluation | noise-free fitness - Fopt (-2.231200000000e+02) | best noise-free fitness - Fopt | measured fitness | best measured fitness | x1 | x2...
1 +1.292696559e+01 +1.292696559e+01 -2.101930344e+02 -2.101930344e+02 -2.4474e+00 -4.2123e+00 -8.6717e-02 +3.7825e-01 -3.1157e+00 -2.4541e+00 -2.3274e+00 +3.8523e+00 -1.4694e-01 +1.0824e+00
3 +6.304500973e+00 +6.304500973e+00 -2.168154990e+02 -2.168154990e+02 -5.7593e-02 +1.8639e+00 +4.1518e+00 +4.8505e+00 -2.1899e+00 +8.8482e-01 +2.9974e+00 +3.3048e+00 -3.8952e+00 -1.6629e+00
57 +3.473702382e+00 +3.473702382e+00 -2.196462976e+02 -2.196462976e+02 -3.6996e+00 +3.4270e+00 +4.2938e+00 +4.7249e-01 +4.2604e+00 +2.7755e+00 +1.7571e+00 +1.3996e-01 +4.3046e-01 -2.6511e+00
% function evaluation | noise-free fitness - Fopt (-4.443000000000e+01) | best noise-free fitness - Fopt | measured fitness | best measured fitness | x1 | x2...
1 +2.169828689e+01 +2.169828689e+01 -2.273171311e+01 -2.273171311e+01 +2.3611e+00 -4.7422e+00 -1.4780e+00 -4.4493e+00 +1.9052e+00 +2.9039e+00 +4.7876e+00 +2.6839e+00 +1.4186e+00 -3.8624e+00
2 +1.474383619e+01 +1.474383619e+01 -2.968616381e+01 -2.968616381e+01 -3.8478e+00 -6.9018e-01 -4.6063e+00 +3.4089e+00 +4.1676e+00 +2.6591e+00 -4.5262e+00 -1.6742e+00 -1.0420e+00 -2.4601e+00
13 +8.954055326e+00 +8.954055326e+00 -3.547594467e+01 -3.547594467e+01 -5.6940e-01 -8.0815e-01 -1.9460e+00 -1.2414e+00 +2.1334e+00 +4.4147e-01 +7.7298e-01 -3.6452e+00 +2.1396e+00 -3.1212e+00
49 +4.246627134e+00 +4.246627134e+00 -4.018337287e+01 -4.018337287e+01 +1.8597e+00 -6.2653e-01 -1.5787e+00 +4.9749e+00 -6.5812e-01 -3.6052e-01 -3.4855e+00 -2.2381e+00 -2.5578e+00 -2.2555e+00
% function evaluation | noise-free fitness - Fopt (1.994000000000e+01) | best noise-free fitness - Fopt | measured fitness | best measured fitness | x1 | x2...
1 +5.720260033e+00 +5.720260033e+00 +2.566026003e+01 +2.566026003e+01 -2.4453e+00 +4.7050e+00 -2.6820e-01 +4.5019e+00 +1.8773e+00 -4.2758e-01 +4.6872e+00 +9.1611e-01 +2.5301e+00 -4.8079e+00
50 +3.924533984e+00 +3.924533984e+00 +2.386453398e+01 +2.386453398e+01 +1.9685e+00 -1.5978e+00 +1.0745e+00 +1.0931e+00 +3.2391e+00 -3.0592e+00 -3.3499e+00 +8.0912e-01 +4.5414e+00 -4.9199e+00
% function evaluation | noise-free fitness - Fopt (2.047400000000e+02) | best noise-free fitness - Fopt | measured fitness | best measured fitness | x1 | x2...
1 +1.019075512e+01 +1.019075512e+01 +2.149307551e+02 +2.149307551e+02 +9.2837e-01 +4.4369e+00 +2.0083e+00 +2.9999e-01 -4.2598e+00 -4.9189e+00 -2.3207e+00 +1.2104e+00 -3.2256e+00 +1.3761e-01
10 +9.197887888e+00 +9.197887888e+00 +2.139378879e+02 +2.139378879e+02 -2.3544e+00 -1.6206e+00 +2.7867e+00 +2.9002e+00 +3.7505e+00 -1.0373e+00 +2.0017e+00 +2.0158e-01 -2.0671e+00 -3.1118e+00
12 +4.196558154e+00 +4.196558154e+00 +2.089365582e+02 +2.089365582e+02 +4.9403e+00 +4.9797e+00 +7.8814e-01 -3.2464e+00 -2.6255e+00 -4.6205e+00 +1.7376e+00 +2.7661e+00 -1.9291e+00 +4.1920e+00
24 +3.868328449e+00 +3.868328449e+00 +2.086083284e+02 +2.086083284e+02 +2.4007e+00 -7.7165e-01 -3.0047e+00 -3.8859e+00 +4.8449e+00 -3.7363e+00 -1.8197e+00 -9.9322e-01 +2.4065e+00 +3.1609e+00
% function evaluation | noise-free fitness - Fopt (-3.887700000000e+02) | best noise-free fitness - Fopt | measured fitness | best measured fitness | x1 | x2...
1 +8.999528668e+00 +8.999528668e+00 -3.797704713e+02 -3.797704713e+02 +1.5387e+00 -3.0100e+00 +4.8202e+00 -1.7525e+00 -1.7871e+00 -7.6197e-01 +4.5641e+00 +4.0938e+00 -4.6967e+00 -4.8646e+00
62 +5.840469501e+00 +5.840469501e+00 -3.829295305e+02 -3.829295305e+02 +6.8595e-01 +4.5408e+00 +2.6863e+00 +3.8866e+00 +4.2288e-01 -6.1381e-01 +4.2755e+00 -1.7836e+00 +2.8684e+00 -4.2977e+00
% function evaluation | noise-free fitness - Fopt (-1.918000000000e+01) | best noise-free fitness - Fopt | measured fitness | best measured fitness | x1 | x2...
1 +1.660708771e+01 +1.660708771e+01 -2.572912289e+00 -2.572912289e+00 +5.6636e-01 -1.9858e+00 -8.0740e-01 +3.6915e+00 -8.8396e-01 -1.2406e+00 +2.2275e+00 +4.4877e+00 +4.8967e+00 +4.6890e+00
5 +1.571633618e+01 +1.571633618e+01 -3.463663820e+00 -3.463663820e+00 -3.3106e+00 -4.2619e+00 -2.6889e+00 +4.9951e+00 +1.6692e-02 -2.5025e-01 -1.9850e+00 +1.8326e+00 +4.6780e+00 +1.4118e+00
12 +8.377210836e+00 +8.377210836e+00 -1.080278916e+01 -1.080278916e+01 +2.7085e+00 -2.6171e+00 -1.1455e+00 +3.9273e+00 +9.5507e-01 -3.6997e-01 -1.2099e-02 -2.0744e+00 +4.1615e+00 -7.7890e-01
15 +6.128828313e+00 +6.128828313e+00 -1.305117169e+01 -1.305117169e+01 +2.2476e+00 -4.9650e+00 +1.2518e+00 -1.0979e+00 +2.9762e+00 -4.0490e+00 -2.4877e+00 +3.1529e-01 +1.4146e+00 +1.8779e+00
% function evaluation | noise-free fitness - Fopt (-3.724500000000e+02) | best noise-free fitness - Fopt | measured fitness | best measured fitness | x1 | x2...
1 +1.245132436e+01 +1.245132436e+01 -3.599986756e+02 -3.599986756e+02 +4.8763e+00 +1.9716e+00 +2.3199e+00 +2.9929e+00 -1.1702e-01 -2.5052e+00 -4.9559e+00 -3.9526e+00 -5.7081e-01 -3.5087e+00
2 +9.583209892e+00 +9.583209892e+00 -3.628667901e+02 -3.628667901e+02 -3.7781e+00 +2.9002e+00 +4.4379e+00 +4.7364e+00 +4.7786e+00 -8.0128e-01 -3.7617e+00 +4.8529e+00 -1.7441e+00 -3.8545e+00
19 +5.741037744e+00 +5.741037744e+00 -3.667089623e+02 -3.667089623e+02 -2.8317e+00 +5.4372e-02 +3.8376e+00 +4.5098e+00 +4.3753e+00 +4.1951e+00 -4.1245e+00 -2.1594e+00 +2.8006e+00 +3.3740e-01
% function evaluation | noise-free fitness - Fopt (8.450000000000e+00) | best noise-free fitness - Fopt | measured fitness | best measured fitness | x1 | x2...
1 +2.354701551e+01 +2.354701551e+01 +3.199701551e+01 +3.199701551e+01 +2.7164e+00 -2.2287e+00 -4.8514e+00 -2.9189e+00 +3.3725e+00 -1.9489e+00 +2.8129e+00 -2.6620e+00 +3.1299e+00 +2.0822e+00
2 +8.654692346e+00 +8.654692346e+00 +1.710469235e+01 +1.710469235e+01 +3.4516e+00 -2.1671e-01 +3.4005e+00 -3.5312e-01 -2.1792e+00 +1.0562e+00 -3.0228e+00 +2.7230e-01 +3.7245e+00 +3.8010e+00
32 +5.516634577e+00 +5.516634577e+00 +1.396663458e+01 +1.396663458e+01 +4.2647e+00 +3.4203e+00 +2.8948e-01 -2.9342e+00 +4.4325e+00 -1.4526e+00 -4.1939e+00 +3.0634e+00 +1.9732e+00 -1.2936e+00
% function evaluation | noise-free fitness - Fopt (1.184000000000e+01) | best noise-free fitness - Fopt | measured fitness | best measured fitness | x1 | x2...
1 +1.622759628e+01 +1.622759628e+01 +2.806759628e+01 +2.806759628e+01 +6.9429e-01 +4.0479e+00 -3.8519e+00 +4.0442e+00 -4.2264e+00 +3.6458e+00 -3.7457e+00 -9.1755e-01 -1.1658e+00 +4.5703e+00
2 +1.309406269e+01 +1.309406269e+01 +2.493406269e+01 +2.493406269e+01 +1.8101e+00 +3.3962e+00 -2.2205e+00 +4.9628e+00 -3.2518e+00 +1.6440e-01 +2.4755e+00 -2.3747e+00 +1.2815e+00 +9.6104e-01
3 +9.822783192e+00 +9.822783192e+00 +2.166278319e+01 +2.166278319e+01 -4.2097e+00 -2.5275e+00 -1.6939e+00 +2.1962e+00 -2.7474e-02 +3.4416e+00 +3.4489e+00 +3.6908e+00 +2.4288e+00 -4.4543e+00
26 +6.100671813e+00 +6.100671813e+00 +1.794067181e+01 +1.794067181e+01 +4.8459e+00 -3.5588e+00 -3.3153e+00 +2.0216e+00 +3.5737e+00 -3.3268e+00 +3.1497e+00 -1.4522e+00 +2.6330e+00 +2.2419e+00
% function evaluation | noise-free fitness - Fopt (1.581200000000e+02) | best noise-free fitness - Fopt | measured fitness | best measured fitness | x1 | x2...
1 +2.341825438e+01 +2.341825438e+01 +1.815382544e+02 +1.815382544e+02 -3.1851e-02 +1.7597e+00 -3.2199e+00 -2.8664e+00 +1.3307e+00 -4.5394e+00 -1.1937e+00 -2.6920e+00 -1.7621e+00 -3.5888e+00
3 +7.008348910e+00 +7.008348910e+00 +1.651283489e+02 +1.651283489e+02 +3.5908e+00 -1.5112e+00 +3.5511e+00 +4.2112e+00 +2.8471e+00 -4.4131e-01 -4.2734e+00 +2.9231e+00 -1.0194e+00 -1.0635e+00
26 +4.556453757e+00 +4.556453757e+00 +1.626764538e+02 +1.626764538e+02 -1.2571e+00 +3.3178e+00 -1.6249e+00 -4.5699e+00 -3.0635e+00 +3.6019e+00 +1.0037e+00 -4.1192e+00 +2.9346e+00 +2.0870e-02
% function evaluation | noise-free fitness - Fopt (-1.021200000000e+02) | best noise-free fitness - Fopt | measured fitness | best measured fitness | x1 | x2...
1 +1.071486870e+01 +1.071486870e+01 -9.140513130e+01 -9.140513130e+01 +3.8863e+00 +4.0272e+00 +2.5979e+00 +9.1558e-02 -4.2494e+00 +4.5307e+00 +2.6911e+00 -3.7181e-02 +5.0685e-03 -1.0072e+00
5 +8.095180876e+00 +8.095180876e+00 -9.402481912e+01 -9.402481912e+01 -3.6388e+00 +1.6081e+00 +3.9254e+00 +1.2892e+00 -5.1655e-01 -3.8913e+00 -3.4895e+00 +4.0138e+00 -4.2097e+00 +1.6623e+00
15 +5.778177684e+00 +5.778177684e+00 -9.634182232e+01 -9.634182232e+01 -2.9372e+00 -3.5774e+00 +3.7949e+00 -4.6509e+00 +2.8212e+00 -3.6578e+00 -3.5586e+00 -1.4661e+00 -2.5249e-01 -2.8984e+00
74 +3.320630950e+00 +3.320630950e+00 -9.879936905e+01 -9.879936905e+01 -4.9411e+00 -2.0445e+00 -4.4662e+00 -8.6956e-01 +1.6765e+00 +4.4374e+00 +2.4946e+00 +2.4086e+00 -8.6766e-01 -4.3148e+00
% function evaluation | noise-free fitness - Fopt (-8.798000000000e+01) | best noise-free fitness - Fopt | measured fitness | best measured fitness | x1 | x2...
1 +1.704850832e+01 +1.704850832e+01 -7.093149168e+01 -7.093149168e+01 +3.2750e+00 +4.1781e+00 +1.4777e+00 +2.6890e+00 +2.5305e+00 -6.6493e-01 +8.4026e-01 -3.6845e+00 +1.8508e+00 +2.2068e+00
2 +1.367691144e+01 +1.367691144e+01 -7.430308856e+01 -7.430308856e+01 -2.9655e+00 +3.5490e+00 -6.1084e-01 +2.3995e+00 +3.0737e+00 +3.3696e+00 -9.1357e-01 +2.6652e+00 -3.2359e+00 +4.3380e+00
8 +6.321876127e+00 +6.321876127e+00 -8.165812387e+01 -8.165812387e+01 +1.2428e+00 -1.4513e+00 +1.3012e+00 +1.2878e+00 +3.6471e+00 +2.0676e+00 -2.2746e+00 +1.2786e+00 -3.0362e+00 +1.0158e+00
25 +4.938569375e+00 +4.938569375e+00 -8.304143063e+01 -8.304143063e+01 -2.3627e+00 +4.4520e+00 -9.4884e-01 -2.5462e+00 -4.8000e-01 +1.9449e-01 +2.7237e+00 -2.8468e+00 -5.2207e-01 +2.4040e+00
