% function evaluation | noise-free fitness - Fopt (7.948000000000e+01) | best noise-free fitness - Fopt | measured fitness | best measured fitness | x1 | x2...
1 +7.898047528e+01 +7.898047528e+01 +1.584604753e+02 +1.584604753e+02 -3.1319e+00 +7.6297e-01 +1.7712e+00 -8.7835e-02 -4.8645e+00 -9.8692e-01 +3.2387e+00 +9.4260e-01 -2.7529e+00 +2.7431e+00
5 +5.821037674e+01 +5.821037674e+01 +1.376903767e+02 +1.376903767e+02 +2.7296e+00 -2.1095e+00 -1.2308e+00 +4.7480e+00 -1.1111e+00 -3.2698e+00 +3.4461e+00 +7.7820e-01 +1.6148e+00 -1.3122e+00
28 +2.197488769e+01 +2.197488769e+01 +1.014548877e+02 +1.014548877e+02 +1.8790e+00 -3.3367e+00 -2.7898e+00 +1.6482e+00 -4.5073e-01 +5.2626e-02 +6.2285e-01 +9.4186e-01 +2.9500e-01 -2.6598e+00
% function evaluation | noise-free fitness - Fopt (3.944800000000e+02) | best noise-free fitness - Fopt | measured fitness | best measured fitness | x1 | x2...
1 +2.850611823e+02 +2.850611823e+02 +6.795411823e+02 +6.795411823e+02 +1.7772e+00 +4.7161e+00 -3.2595e+00 +1.1244e+00 -4.5948e+00 +4.0857e+00 -2.8717e+00 +3.2592e+00 +2.3720e+00 +2.8194e+00
2 +1.007961671e+02 +1.007961671e+02 +4.952761671e+02 +4.952761671e+02 +8.0762e-01 -3.4590e+00 +2.6382e+00 +1.9667e-01 -8.2856e-01 -2.4621e+00 +3.0394e-01 -3.4510e+00 -2.1550e+00 -3.0781e+00
4 +8.974174567e+01 +8.974174567e+01 +4.842217457e+02 +4.842217457e+02 -2.7753e+00 -1.4198e+00 +1.8431e+00 -9.5329e-01 +1.1332e+00 -3.2167e+00 -1.5808e+00 -2.3700e+00 -1.7837e+00 -2.5256e+00
% function evaluation | noise-free fitness - Fopt (-2.471100000000e+02) | best noise-free fitness - Fopt | measured fitness | best measured fitness | x1 | x2...
1 +1.790492275e+02 +1.790492275e+02 -6.806077251e+01 -6.806077251e+01 -1.6669e+00 -3.9598e+00 +1.8125e+00 -2.1250e+00 +2.1574e-01 -4.7343e+00 -2.5540e+00 +1.9536e+00 +3.0410e+00 -3.8206e-01
2 +1.480499202e+02 +1.480499202e+02 -9.906007981e+01 -9.906007981e+01 -2.2011e+00 -4.3785e+00 +2.4449e+00 -3.1180e+00 +1.8475e+00 +2.7661e+00 -3.4277e+00 +8.5078e-01 -6.3547e-01 -1.9145e+00
23 +9.000850175e+01 +9.000850175e+01 -1.571014982e+02 -1.571014982e+02 -2.4319e+00 -1.6640e+00 -8.6947e-01 -3.9305e-01 -4.7167e-01 -4.2448e-01 -2.3862e+00 +5.7737e-02 -3.1938e+00 +1.2874e+00
41 +6.306032118e+01 +6.306032118e+01 -1.840496788e+02 -1.840496788e+02 -2.5360e+00 -2.4417e+00 -8.8201e-01 -2.6342e+00 +2.2491e+00 -1.1849e+00 +2.4241e+00 -4.2579e+00 +1.9471e+00 +6.0522e-02
% function evaluation | noise-free fitness - Fopt (-1.520400000000e+02) | best noise-free fitness - Fopt | measured fitness | best measured fitness | x1 | x2...
1 +1.310397307e+02 +1.310397307e+02 -2.100026930e+01 -2.100026930e+01 -7.0651e-01 +8.2922e-01 +2.4830e+00 -3.0305e+00 -3.5184e+00 +1.1217e+00 -1.9127e+00 -2.3993e+00 -1.1714e+00 +2.0288e+00
2 +7.736599664e+01 +7.736599664e+01 -7.467400336e+01 -7.467400336e+01 -4.8456e+00 +1.1571e+00 -1.7851e+00 +4.7247e+00 -1.6160e+00 -7.3119e-01 -7.9981e-02 +3.3746e+00 +4.9157e+00 +1.5462e+00
36 +5.811826178e+01 +5.811826178e+01 -9.392173822e+01 -9.392173822e+01 -3.9079e-02 +3.8909e+00 -3.6373e+00 +3.6453e+00 -3.4522e+00 -2.0957e+00 -3.2767e+00 -1.1474e+00 -9.3308e-01 +4.1028e+00
46 +2.718280927e+01 +2.718280927e+01 -1.248571907e+02 -1.248571907e+02 -1.1596e+00 -9.5604e-01 -2.9867e+00 +1.8287e+00 +2.8596e+00 +9.9754e-01 -9.1753e-01 -4.0630e+00 +3.4040e+00 +4.8386e+00
% function evaluation | noise-free fitness - Fopt (-2.525000000000e+01) | best noise-free fitness - Fopt | measured fitness | best measured fitness | x1 | x2...
1 +1.928829409e+02 +1.928829409e+02 +1.676329409e+02 +1.676329409e+02 -2.1689e+00 +4.5750e+00 -3.5913e+00 -5.5710e-01 -2.1196e-01 +3.9949e+00 +4.7244e-01 +4.5310e+00 -1.4322e+00 +4.4736e+00
4 +1.327256950e+02 +1.327256950e+02 +1.074756950e+02 +1.074756950e+02 +8.8694e-01 -5.8984e-01 -3.4915e+00 +2.3727e+00 +4.1191e+00 -6.0551e-02 +4.6327e+00 -3.4606e+00 -3.8072e+00 +1.6746e+00
7 +9.810561890e+01 +9.810561890e+01 +7.285561890e+01 +7.285561890e+01 +4.1945e+00 -4.2672e-01 +4.4876e+00 +3.8862e+00 +1.5382e+00 -3.7805e+00 -9.7508e-01 -2.4421e+00 +3.3968e+00 -3.9532e+00
47 +6.167371467e+01 +6.167371467e+01 +3.642371467e+01 +3.642371467e+01 -1.3212e+00 +3.1632e+00 -1.2962e+00 -1.4231e+00 -5.0283e-01 -2.3463e-02 -5.1484e-01 -4.9496e+00 +2.1211e+00 -1.4038e+00
% function evaluation | noise-free fitness - Fopt (2.230000000000e+00) | best noise-free fitness - Fopt | measured fitness | best measured fitness | x1 | x2...
1 +6.641160623e+01 +6.641160623e+01 +6.864160623e+01 +6.864160623e+01 +3.4019e+00 +5.8021e-01 +3.7931e+00 -4.9842e+00 +3.9369e+00 -1.7396e+00 -7.2309e-01 -2.4508e+00 -4.5810e+00 -1.3500e+00
30 +5.239995123e+01 +5.239995123e+01 +5.462995123e+01 +5.462995123e+01 +4.4638e+00 +2.1186e+00 -1.5387e-02 -4.6386e+00 +3.6931e+00 -2.5151e+00 +1.7987e+00 -3.7488e+00 +6.2791e-01 -8.4689e-01
45 +2.844492141e+01 +2.844492141e+01 +3.067492141e+01 +3.067492141e+01 +3.5746e+00 -3.4156e+00 -5.0880e-01 -1.5999e+00 +2.5201e-01 -4.3673e+00 -6.5684e-01 -1.0906e+00 -2.2213e+00 +3.6227e+00
% function evaluation | noise-free fitness - Fopt (-1.308000000000e+01) | best noise-free fitness - Fopt | measured fitness | best measured fitness | x1 | x2...
1 +1.437702838e+02 +1.437702838e+02 +1.306902838e+02 +1.306902838e+02 -3.1867e+00 -5.5097e-02 -6.7066e-01 +2.8941e+00 +4.4203e+00 +8.8940e-01 -3.3245e-01 +1.5406e+00 +6.5438e-01 +2.6302e+00
2 +3.841055917e+01 +3.841055917e+01 +2.533055917e+01 +2.533055917e+01 -1.0199e+00 +8.6040e-01 +4.9114e+00 +1.4755e+00 -6.3822e-01 -2.7695e+00 +4.8948e+00 -4.2074e+00 -1.8016e+00 -2.6155e+00
20 +1.019381302e+01 +1.019381302e+01 -2.886186979e+00 -2.886186979e+00 +4.2014e-01 -1.8123e+00 +2.5663e+00 +4.8332e+00 -2.8356e+00 -7.6267e-01 +1.4099e+00 -1.5586e+00 +1.3824e+00 -4.3515e+00
% function evaluation | noise-free fitness - Fopt (2.671600000000e+02) | best noise-free fitness - Fopt | measured fitness | best measured fitness | x1 | x2...
1 +1.985227663e+02 +1.985227663e+02 +4.656827663e+02 +4.656827663e+02 -2.0659e+00 +2.9316e+00 -2.8910e+00 +3.1478e+00 -3.0316e+00 +1.7756e+00 +3.9604e+00 +1.3865e-01 +4.1798e+00 +2.8147e+00
9 +1.413719652e+02 +1.413719652e+02 +4.085319652e+02 +4.085319652e+02 +3.6124e+00 +1.0824e+00 +2.0817e+00 +1.9940e+00 +2.3533e+00 +3.3408e+00 +9.2406e-01 -6.5643e-01 -4.4571e+00 +2.0156e+00
18 +9.322128757e+01 +9.322128757e+01 +3.603812876e+02 +3.603812876e+02 -4.5104e+00 -3.8897e-03 -3.8996e+00 -7.5875e-02 -4.0647e-01 -3.3410e+00 -8.3092e-01 +4.5580e+00 -2.7784e+00 +4.3593e+00
32 +6.130066691e+01 +6.130066691e+01 +3.284606669e+02 +3.284606669e+02 +2.7820e+00 -1.5006e+00 -1.3018e+00 -6.0901e-01 +1.3219e+00 -2.3851e+00 +6.1165e-02 -5.0153e-01 -5.3071e-01 +1.4032e+00
% function evaluation | noise-free fitness - Fopt (3.710000000000e+00) | best noise-free fitness - Fopt | measured fitness | best measured fitness | x1 | x2...
1 +1.039135274e+02 +1.039135274e+02 +1.076235274e+02 +1.076235274e+02 -6.0783e-02 -3.2875e+00 -1.8409e+00 -7.0499e-02 +4.9138e+00 -3.3091e+00 +2.1962e+00 +4.0117e+00 +4.4831e+00 +2.6002e+00
4 +8.900781794e+01 +8.900781794e+01 +9.271781794e+01 +9.271781794e+01 +1.8955e+00 -1.9293e+00 -1.9614e+00 +1.3835e-01 -8.6806e-01 -4.3402e+00 -1.7223e+00 -2.4923e-01 +4.8590e+00 -4.4783e+00
8 +5.524413495e+01 +5.524413495e+01 +5.895413495e+01 +5.895413495e+01 +4.6516e+00 -5.6468e-01 -4.0495e+00 +8.4276e-03 +2.4028e+00 -6.1469e-01 -4.6483e+00 +4.7174e+00 +3.2874e+00 -4.9346e-01
% function evaluation | noise-free fitness - Fopt (9.478000000000e+01) | best noise-free fitness - Fopt | measured fitness | best measured fitness | x1 | x2...
1 +9.676812884e+01 +9.676812884e+01 +1.915481288e+02 +1.915481288e+02 +1.0480e-01 -1.1336e+00 -1.1132e+00 +1.5257e+00 -6.5869e-01 +8.0727e-01 +3.4481e+00 +2.5235e+00 -1.5262e+00 +2.1548e-01
106 +6.146652963e+01 +6.146652963e+01 +1.562465296e+02 +1.562465296e+02 +6.0858e-01 +2.1347e+00 +1.0843e+00 -2.9611e+00 +4.4850e+00 -9.0054e-01 -9.2694e-01 +1.5432e+00 +2.6192e+00 +3.1267e+00
% function evaluation | noise-free fitness - Fopt (2.339200000000e+02) | best noise-free fitness - Fopt | measured fitness | best measured fitness | x1 | x2...
1 +1.082531719e+02 +1.082531719e+02 +3.421731719e+02 +3.421731719e+02 -3.4981e+00 -4.1424e+00 -2.7924e-01 +3.8813e+00 -2.4724e+00 +1.7133e+00 -3.0545e+00 +2.0572e+00 -8.5030e-01 +3.4262e+00
12 +9.937601911e+01 +9.937601911e+01 +3.332960191e+02 +3.332960191e+02 -2.8075e+00 -3.4781e-01 +3.8733e+00 -1.1990e+00 +3.4493e+00 +4.6380e+00 +4.4553e+00 +4.6670e+00 -1.0200e-01 -7.4592e-01
13 +5.924282617e+01 +5.924282617e+01 +2.931628262e+02 +2.931628262e+02 -6.3064e-01 +1.4353e+00 -1.9149e+00 +7.2264e-01 +1.6277e+00 +3.7717e+00 +2.6820e+00 +4.1202e+00 +4.2861e+00 +2.2265e+00
32 +3.398489698e+01 +3.398489698e+01 +2.679048970e+02 +2.679048970e+02 -3.1533e+00 +3.3026e-01 -4.0080e+00 -4.8300e+00 +3.8500e-01 +4.3777e+00 +3.0544e+00 +3.3774e+00 +3.9067e+00 +3.2784e+00
% function evaluation | noise-free fitness - Fopt (-6.092000000000e+01) | best noise-free fitness - Fopt | measured fitness | best measured fitness | x1 | x2...
1 +4.071159833e+01 +4.071159833e+01 -2.020840167e+01 -2.020840167e+01 +1.1344e+00 +3.3583e+00 +4.5969e-01 +1.2192e+00 -3.4552e+00 -5.2662e-02 -3.5401e+00 +1.8393e+00 -1.8467e+00 -2.4265e+00
8 +3.854497776e+01 +3.854497776e+01 -2.237502224e+01 -2.237502224e+01 -2.2695e+00 +3.1047e+00 +4.2279e+00 +1.0056e+00 -9.3630e-02 -1.2487e+00 +1.7390e+00 +1.7366e+00 -8.4628e-01 -3.1297e+00
% function evaluation | noise-free fitness - Fopt (-1.948000000000e+01) | best noise-free fitness - Fopt | measured fitness | best measured fitness | x1 | x2...
1 +6.951761086e+01 +6.951761086e+01 +5.003761086e+01 +5.003761086e+01 -3.2420e+00 -2.5938e+00 +2.8300e-01 -1.2437e-01 -7.5463e-01 +2.1557e+00 -2.9071e+00 +1.8542e-01 +2.0420e+00 -5.9404e-01
7 +5.694211198e+01 +5.694211198e+01 +3.746211198e+01 +3.746211198e+01 -2.6024e+00 -1.8146e+00 +3.4339e+00 +2.8275e+00 +4.8043e+00 +7.8046e-01 -4.6592e-01 -3.6650e+00 -2.0511e+00 +4.7253e-01
% function evaluation | noise-free fitness - Fopt (1.344700000000e+02) | best noise-free fitness - Fopt | measured fitness | best measured fitness | x1 | x2...
1 +1.272535919e+02 +1.272535919e+02 +2.617235919e+02 +2.617235919e+02 -3.5381e+00 +1.8536e+00 -3.4142e+00 -1.4034e+00 +2.0587e+00 +2.8128e+00 -2.7772e+00 -1.8786e-01 -4.7990e+00 +3.8628e+00
4 +9.164474124e+01 +9.164474124e+01 +2.261147412e+02 +2.261147412e+02 -3.6310e+00 -6.7866e-02 +9.7928e-02 -2.7644e+00 +1.3427e+00 -4.8600e+00 +1.6296e+00 +9.8631e-01 +4.6207e-01 +1.2406e+00
% function evaluation | noise-free fitness - Fopt (4.453500000000e+02) | best noise-free fitness - Fopt | measured fitness | best measured fitness | x1 | x2...
1 +1.536810690e+02 +1.536810690e+02 +5.990310690e+02 +5.990310690e+02 -1.5657e-01 -2.3058e+00 +1.7692e+00 +1.3510e+00 +1.4000e+00 +4.2706e+00 +2.3624e+00 -4.2399e+00 -1.3172e+00 +2.5475e+00
4 +9.892797370e+01 +9.892797370e+01 +5.442779737e+02 +5.442779737e+02 -4.8724e+00 +1.3013e+00 +2.5678e+00 -3.2875e+00 -8.4424e-01 -5.9533e-01 -4.6842e+00 -1.8960e+00 +1.1043e+00 +2.8450e+00
38 +6.295575370e+01 +6.295575370e+01 +5.083057537e+02 +5.083057537e+02 -4.1603e+00 +1.1497e+00 -4.5368e+00 +4.3222e-02 +2.9561e-01 +2.3783e+00 +1.0942e+00 +4.7033e-01 -8.9632e-01 -1.9710e+00
