% function evaluation | noise-free fitness - Fopt (1.238300000000e+02) | best noise-free fitness - Fopt | measured fitness | best measured fitness | x1 | x2...
1 +4.001198538e+04 +4.001198538e+04 +4.013581538e+04 +4.013581538e+04 -3.6031e+00 -1.6466e+00 -6.6536e-01 -9.9054e-01 -3.8389e+00 -2.9549e+00 -1.8051e+00 -4.1833e+00 -1.2175e+00 +2.7890e+00
8 +3.960578674e+04 +3.960578674e+04 +3.972961674e+04 +3.972961674e+04 -4.0050e+00 -6.7935e-01 -1.2736e+00 -4.6585e+00 -1.5556e+00 +7.2376e-01 +7.6914e-01 -1.7279e+00 -4.6215e+00 -3.2456e-02
75 +2.226733620e+04 +2.226733620e+04 +2.239116620e+04 +2.239116620e+04 +2.5587e+00 +1.4395e-01 -2.0535e-01 +3.7744e+00 +1.1339e+00 -1.0589e+00 -4.0579e+00 +2.6047e-01 +2.5922e+00 -1.8721e+00
% function evaluation | noise-free fitness - Fopt (4.751000000000e+01) | best noise-free fitness - Fopt | measured fitness | best measured fitness | x1 | x2...
1 +1.624017440e+05 +1.624017440e+05 +1.624492540e+05 +1.624492540e+05 -4.1700e+00 -3.9930e+00 +2.1398e-01 +2.4946e-01 -3.4169e+00 +4.1260e+00 +4.4760e+00 -8.8873e-01 +4.8821e-01 +4.6920e+00
2 +1.160591718e+05 +1.160591718e+05 +1.161066818e+05 +1.161066818e+05 -3.5289e+00 -3.8489e+00 +7.7598e-02 -1.3532e+00 -1.4658e+00 +3.8802e+00 +3.5347e+00 +4.5104e+00 -2.7726e+00 -3.6803e+00
5 +9.664042870e+04 +9.664042870e+04 +9.668793870e+04 +9.668793870e+04 +1.1837e-01 +1.9520e+00 +1.7099e+00 -7.4338e-01 -2.6674e+00 +2.0088e+00 -4.5979e+00 -3.4971e+00 -1.3562e+00 +1.4655e-01
7 +5.200251027e+04 +5.200251027e+04 +5.205002027e+04 +5.205002027e+04 -6.9296e-01 -3.8760e+00 -2.8215e+00 -2.9410e+00 -7.3176e-01 +9.2213e-01 -2.7160e+00 -4.2677e+00 -1.5549e+00 -7.6318e-01
60 +3.543004562e+04 +3.543004562e+04 +3.547755562e+04 +3.547755562e+04 +3.7569e+00 -5.1575e-01 +1.4869e+00 +2.2712e+00 -5.3117e-01 +1.7808e+00 -2.1452e+00 +3.8217e+00 +9.0117e-02 +4.5516e-02
% function evaluation | noise-free fitness - Fopt (5.534000000000e+01) | best noise-free fitness - Fopt | measured fitness | best measured fitness | x1 | x2...
1 +1.842863625e+05 +1.842863625e+05 +1.843417025e+05 +1.843417025e+05 +3.2521e+00 +4.7597e+00 +1.8174e+00 -3.4637e+00 +6.9046e-01 +4.3452e+00 -3.5808e+00 -2.1635e+00 -3.2680e-01 -2.7087e+00
2 +1.059377986e+05 +1.059377986e+05 +1.059931386e+05 +1.059931386e+05 +3.4217e+00 -9.4823e-01 +1.2287e+00 -4.8812e+00 +3.7199e+00 +1.6283e+00 +6.7926e-01 +5.0567e-01 -2.1472e+00 +2.6907e+00
4 +9.978834855e+04 +9.978834855e+04 +9.984368855e+04 +9.984368855e+04 -1.6076e+00 -3.9141e+00 +7.8311e-01 +1.2018e+00 +3.7362e-01 -4.0168e+00 -3.8483e+00 +2.7738e+00 +3.7662e+00 +3.2343e+00
20 +4.118560176e+04 +4.118560176e+04 +4.124094176e+04 +4.124094176e+04 -1.4671e+00 -6.2242e-01 -2.6326e+00 +2.2049e+00 -4.5379e-02 -3.6747e-01 +1.0901e+00 +3.7779e+00 -6.6064e-02 -4.6258e-01
31 +3.980899113e+04 +3.980899113e+04 +3.986433113e+04 +3.986433113e+04 -5.6999e-01 +3.1081e+00 +3.4769e+00 +3.2248e+00 +1.3132e-01 -1.2655e+00 -2.7922e+00 +1.0107e+00 -8.2516e-01 +2.4550e+00
34 +2.065656083e+04 +2.065656083e+04 +2.071190083e+04 +2.071190083e+04 +1.6684e+00 +3.0642e+00 +6.8914e-01 +1.5125e+00 -1.9635e+00 -1.1959e+00 +2.4686e+00 +1.8253e+00 -1.6746e+00 +1.2492e+00
57 +5.543315227e+03 +5.543315227e+03 +5.598655227e+03 +5.598655227e+03 +1.8502e+00 -1.0863e-01 -1.4245e+00 -1.6405e-01 +1.4456e+00 +7.3489e-02 +1.4019e+00 -9.8112e-01 +6.9273e-01 +6.6119e-01
% function evaluation | noise-free fitness - Fopt (-9.033000000000e+01) | best noise-free fitness - Fopt | measured fitness | best measured fitness | x1 | x2...
1 +4.802275737e+05 +4.802275737e+05 +4.801372437e+05 +4.801372437e+05 -4.5879e+00 -4.2201e+00 +4.8291e+00 +3.4649e+00 -4.1918e+00 +4.4697e+00 +2.4830e+00 +7.5978e-01 -3.5417e+00 -4.7754e+00
2 +3.206899114e+05 +3.206899114e+05 +3.205995814e+05 +3.205995814e+05 +4.0006e+00 +2.0814e+00 +4.2716e+00 +4.5143e+00 -8.2907e-01 +9.4409e-01 -3.9522e+00 -4.9733e+00 -4.2863e+00 +1.9940e+00
3 +1.952414791e+05 +1.952414791e+05 +1.951511491e+05 +1.951511491e+05 +1.0361e+00 -4.0955e+00 -1.8629e+00 -1.3849e-01 +4.9236e+00 -1.2935e+00 -4.8825e+00 -4.6224e+00 +2.9315e+00 -3.9462e+00
4 +1.024940820e+05 +1.024940820e+05 +1.024037520e+05 +1.024037520e+05 -4.0741e+00 +3.4435e+00 -2.1284e+00 -1.1803e+00 -3.1981e+00 +3.0650e+00 -1.1032e+00 -4.4633e+00 -4.2232e+00 -4.4124e-01
8 +7.522993598e+04 +7.522993598e+04 +7.513960598e+04 +7.513960598e+04 -1.1702e+00 +1.1297e+00 -2.5743e+00 -2.3825e+00 +5.6046e-01 -1.5751e+00 +3.9164e+00 -3.9722e+00 +2.3761e+00 -4.9986e+00
16 +4.916728421e+04 +4.916728421e+04 +4.907695421e+04 +4.907695421e+04 -1.7931e+00 +8.8565e-01 -4.2112e+00 +2.9005e+00 +2.9501e-01 +2.0784e-01 -1.5329e-01 +5.6027e-02 -3.4216e+00 +5.0004e-01
24 +2.796731074e+04 +2.796731074e+04 +2.787698074e+04 +2.787698074e+04 +3.3914e+00 +2.0820e+00 +7.6375e-01 -1.9907e+00 -3.3257e+00 -4.8752e+00 +3.0803e+00 -7.0915e-01 +2.5556e+00 +2.9541e+00
40 +1.549778840e+04 +1.549778840e+04 +1.540745840e+04 +1.540745840e+04 +3.5386e+00 +1.5175e+00 -3.1641e+00 +6.9550e-01 -2.0722e+00 -2.1009e+00 +7.7018e-01 -2.9266e-01 -6.4743e-02 -1.3987e+00
% function evaluation | noise-free fitness - Fopt (6.561000000000e+01) | best noise-free fitness - Fopt | measured fitness | best measured fitness | x1 | x2...
1 +2.251345712e+05 +2.251345712e+05 +2.252001812e+05 +2.252001812e+05 +2.1894e-01 -3.6664e+00 +3.1590e-01 +4.8536e+00 +3.1099e+00 -4.0980e+00 +4.3743e+00 +3.2471e-01 -1.9250e+00 -3.8697e+00
2 +7.450845313e+04 +7.450845313e+04 +7.457406313e+04 +7.457406313e+04 -8.8001e-01 +1.0888e+00 -2.8361e+00 +4.2637e+00 -1.0422e+00 +3.1356e+00 +1.7743e+00 -4.3690e-01 +4.1935e+00 -1.3411e+00
11 +4.373825249e+04 +4.373825249e+04 +4.380386249e+04 +4.380386249e+04 +3.1936e-03 -2.3940e+00 +3.8862e-01 +3.2005e+00 -2.6737e+00 -6.5992e-01 +3.1343e+00 +1.8271e+00 -1.5056e+00 -4.3784e+00
16 +1.349522962e+04 +1.349522962e+04 +1.356083962e+04 +1.356083962e+04 -3.3525e+00 +1.5702e+00 -4.8068e-01 +6.9316e-01 -1.5538e+00 -1.8181e+00 -8.5790e-01 -2.3368e+00 -1.2796e+00 +8.8892e-02
% function evaluation | noise-free fitness - Fopt (-1.536000000000e+01) | best noise-free fitness - Fopt | measured fitness | best measured fitness | x1 | x2...
1 +7.852929411e+04 +7.852929411e+04 +7.851393411e+04 +7.851393411e+04 -4.0960e-01 -1.5263e+00 -8.2274e-02 -4.1786e+00 -6.5160e-01 +7.1106e-01 +3.5143e+00 +4.8898e+00 -3.2476e+00 -1.8490e+00
14 +5.574998584e+04 +5.574998584e+04 +5.573462584e+04 +5.573462584e+04 -2.9185e-01 -3.2137e-01 +2.5760e+00 +6.4676e-01 -2.0681e-01 +3.0234e+00 +4.5315e+00 -1.1160e+00 +3.2505e-01 +1.9523e+00
33 +2.486774118e+04 +2.486774118e+04 +2.485238118e+04 +2.485238118e+04 -1.4523e+00 +2.8213e+00 +3.1900e+00 +4.6332e-01 +9.3381e-01 -2.6064e+00 +5.8236e-01 +4.7364e+00 +8.0421e-01 -3.5496e-01
% function evaluation | noise-free fitness - Fopt (-1.318000000000e+01) | best noise-free fitness - Fopt | measured fitness | best measured fitness | x1 | x2...
1 +2.422595242e+05 +2.422595242e+05 +2.422463442e+05 +2.422463442e+05 -4.1535e+00 -9.7741e-01 -4.0865e+00 -3.6168e+00 +1.9116e+00 -1.8164e+00 +7.4584e-02 +3.0102e+00 +4.6809e+00 +3.6414e+00
5 +9.690187549e+04 +9.690187549e+04 +9.688869549e+04 +9.688869549e+04 -7.3928e-01 -2.8415e+00 -3.0174e-01 +4.3932e+00 +2.7886e+00 -2.5909e+00 -3.2636e+00 -1.7439e+00 +3.4805e+00 -3.4110e+00
16 +4.302206147e+04 +4.302206147e+04 +4.300888147e+04 +4.300888147e+04 -2.9719e+00 +1.0287e+00 +5.3777e-02 +4.4189e+00 -9.7638e-01 -4.0851e+00 -7.1866e-01 +6.4396e-01 +3.3789e-02 +2.8098e+00
55 +3.501033810e+04 +3.501033810e+04 +3.499715810e+04 +3.499715810e+04 -1.0177e+00 -1.5836e+00 +2.2243e+00 +3.3261e+00 +5.9933e-01 -3.5652e+00 -1.9121e+00 +2.1630e+00 -2.4607e+00 +7.5437e-01
% function evaluation | noise-free fitness - Fopt (-6.052000000000e+01) | best noise-free fitness - Fopt | measured fitness | best measured fitness | x1 | x2...
1 +2.239345298e+05 +2.239345298e+05 +2.238740098e+05 +2.238740098e+05 +2.0097e+00 +4.8007e+00 +2.2296e+00 +3.0103e+00 +2.3708e+00 -3.6070e+00 -3.3272e+00 +3.3448e+00 -3.1862e+00 +2.8206e+00
2 +7.759049676e+04 +7.759049676e+04 +7.752997676e+04 +7.752997676e+04 +3.4148e-01 -2.6201e+00 +2.7427e+00 +1.4853e+00 +5.9459e-01 +1.9874e+00 +4.7836e+00 +3.8765e+00 -1.3329e+00 -9.2095e-01
3 +5.760924754e+04 +5.760924754e+04 +5.754872754e+04 +5.754872754e+04 +2.8380e+00 +1.8556e+00 -6.2764e-01 +1.2032e+00 -6.3835e-01 +2.1572e+00 -1.9593e+00 -3.1849e-01 +2.6935e+00 +3.1458e+00
19 +3.452907873e+04 +3.452907873e+04 +3.446855873e+04 +3.446855873e+04 +1.7331e+00 +8.4100e-01 +2.9733e+00 +1.8925e+00 +2.0284e+00 +2.2397e+00 +4.4481e-01 -1.1627e+00 -3.2423e+00 +2.6047e+00
76 +5.422466379e+03 +5.422466379e+03 +5.361946379e+03 +5.361946379e+03 +2.8139e+00 -3.0158e+00 -8.8095e-01 +4.9382e+00 +9.1518e-02 +6.7641e-01 +1.8315e+00 +1.2021e+00 +3.2094e+00 -3.4321e+00
% function evaluation | noise-free fitness - Fopt (1.844000000000e+02) | best noise-free fitness - Fopt | measured fitness | best measured fitness | x1 | x2...
1 +8.656444359e+04 +8.656444359e+04 +8.674884359e+04 +8.674884359e+04 -4.9375e-01 -3.5481e+00 -5.7337e-01 +1.2267e+00 +2.0645e+00 -3.6829e-02 -4.3254e+00 +3.2850e+00 +1.3018e+00 +2.5268e+00
21 +4.396608825e+04 +4.396608825e+04 +4.415048825e+04 +4.415048825e+04 -4.6299e-01 +3.7680e+00 +1.8843e+00 +8.7359e-01 +3.3026e+00 +2.3618e-01 -2.2375e+00 -2.9914e+00 -1.0733e+00 -2.8399e+00
31 +3.561124859e+04 +3.561124859e+04 +3.579564859e+04 +3.579564859e+04 -3.3608e+00 +9.7921e-01 +1.1893e+00 +9.4318e-01 +8.7372e-01 +1.7980e+00 +1.8912e+00 -3.1685e+00 +2.0268e+00 +1.1164e+00
% function evaluation | noise-free fitness - Fopt (2.277700000000e+02) | best noise-free fitness - Fopt | measured fitness | best measured fitness | x1 | x2...
1 +1.955144084e+05 +1.955144084e+05 +1.957421784e+05 +1.957421784e+05 +3.7129e-01 +3.8621e+00 +4.8323e+00 +1.5158e+00 -4.8738e+00 +3.8303e+00 +3.8161e+00 +1.0339e-01 +1.9024e+00 +6.3887e-01
5 +4.226180725e+04 +4.226180725e+04 +4.248957725e+04 +4.248957725e+04 -1.9156e+00 +4.1593e+00 +4.2313e+00 +4.3556e+00 +2.9740e+00 -8.0330e-01 +1.6306e+00 +2.7951e-01 -2.3664e+00 +9.5323e-01
13 +1.993165084e+04 +1.993165084e+04 +2.015942084e+04 +2.015942084e+04 +4.2447e-01 +1.2677e+00 -1.7391e+00 +4.4632e+00 +1.9143e+00 -3.9413e+00 +2.4772e-01 +8.4246e-01 -1.6239e+00 +2.2300e+00
% function evaluation | noise-free fitness - Fopt (9.640000000000e+01) | best noise-free fitness - Fopt | measured fitness | best measured fitness | x1 | x2...
1 +2.221402591e+05 +2.221402591e+05 +2.222366591e+05 +2.222366591e+05 +3.9565e+00 -3.7908e+00 -1.3047e+00 -4.3624e+00 +9.0318e-01 -3.6741e+00 +7.2953e-01 -1.6674e+00 -4.3980e+00 -2.9130e+00
3 +1.088745175e+05 +1.088745175e+05 +1.089709175e+05 +1.089709175e+05 +2.1929e+00 +3.5120e-01 +2.0070e+00 -1.4110e-01 -4.2516e+00 -2.4129e+00 +9.5309e-01 -4.9541e+00 -2.5000e+00 +3.0337e+00
4 +8.320314635e+04 +8.320314635e+04 +8.329954635e+04 +8.329954635e+04 +3.8869e+00 +4.6176e+00 -1.4873e+00 +6.6715e-01 +1.1889e+00 +3.9134e+00 +6.9630e-02 +3.0249e+00 +2.1930e+00 -4.4237e-01
6 +4.914504035e+04 +4.914504035e+04 +4.924144035e+04 +4.924144035e+04 -4.0550e+00 +2.6907e-02 +1.2787e+00 +2.3426e+00 -4.1128e+00 -3.4537e+00 -3.2176e+00 -9.4750e-01 -3.5036e+00 -1.2902e+00
23 +3.097597480e+04 +3.097597480e+04 +3.107237480e+04 +3.107237480e+04 +4.2999e+00 -1.3316e+00 +3.4966e-01 +4.0761e-01 -2.4918e+00 -4.8165e+00 -2.2144e+00 +1.0516e+00 +1.3726e+00 +2.2705e+00
33 +1.821213870e+04 +1.821213870e+04 +1.830853870e+04 +1.830853870e+04 +1.0254e+00 +8.3799e-01 +3.1691e+00 -1.4536e+00 -3.9615e+00 -4.3143e+00 -2.0653e+00 +6.4668e-02 -1.0856e+00 +2.9396e+00
% function evaluation | noise-free fitness - Fopt (-9.045000000000e+01) | best noise-free fitness - Fopt | measured fitness | best measured fitness | x1 | x2...
1 +2.216832540e+05 +2.216832540e+05 +2.215928040e+05 +2.215928040e+05 +1.2481e+00 +4.8649e+00 -9.6458e-01 +3.0001e+00 -3.9605e+00 -3.9197e+00 +2.9938e+00 +3.7732e+00 +1.9756e+00 -1.8556e+00
2 +7.970225223e+04 +7.970225223e+04 +7.961180223e+04 +7.961180223e+04 -4.2861e+00 -2.7987e+00 +1.0598e+00 +2.6922e+00 -4.6122e+00 +2.1023e+00 -8.2683e-01 -3.1818e+00 -1.9417e-01 -1.5949e+00
3 +4.484063399e+04 +4.484063399e+04 +4.475018399e+04 +4.475018399e+04 -1.4177e+00 -4.4608e+00 -2.3397e+00 +3.6674e-01 -4.6884e+00 -1.6865e+00 +3.1937e+00 -1.4259e-01 +8.7238e-01 -1.0661e+00
8 +2.765915738e+04 +2.765915738e+04 +2.756870738e+04 +2.756870738e+04 +1.6577e+00 +6.7076e-02 +1.0987e-02 +4.6871e+00 -2.9899e-01 +3.6128e+00 +3.6735e+00 -2.9485e+00 -4.2530e-01 -1.2084e+00
83 +1.318704567e+04 +1.318704567e+04 +1.309659567e+04 +1.309659567e+04 +2.7326e-01 +1.7257e+00 -2.8484e+00 -1.2686e+00 +1.6353e+00 -2.2828e+00 -2.3946e+00 +3.2162e-01 -1.9765e+00 -2.1573e+00
% function evaluation | noise-free fitness - Fopt (3.995000000000e+01) | best noise-free fitness - Fopt | measured fitness | best measured fitness | x1 | x2...
1 +2.414763310e+05 +2.414763310e+05 +2.415162810e+05 +2.415162810e+05 +2.8800e+00 -3.2476e+00 -4.1387e+00 +4.7296e+00 +7.4818e-02 +4.0360e+00 -4.3430e+00 +1.9432e-01 -1.5066e+00 -1.4999e+00
3 +8.838296784e+04 +8.838296784e+04 +8.842291784e+04 +8.842291784e+04 -4.8158e+00 -1.0109e-02 -2.3020e+00 -4.5001e-01 -1.2209e+00 +1.3884e-01 +4.0733e-01 +1.6032e+00 +3.9223e+00 -3.8312e+00
14 +1.881473613e+04 +1.881473613e+04 +1.885468613e+04 +1.885468613e+04 +1.4460e+00 +3.8827e-01 +2.9433e+00 +1.9222e+00 -9.5577e-01 +2.4697e+00 +1.5341e+00 +2.7382e+00 +1.6827e+00 +1.3338e+00
% function evaluation | noise-free fitness - Fopt (7.762000000000e+01) | best noise-free fitness - Fopt | measured fitness | best measured fitness | x1 | x2...
1 +1.372008693e+05 +1.372008693e+05 +1.372784893e+05 +1.372784893e+05 -3.5023e+00 +4.8622e+00 +3.8442e+00 +1.6299e+00 -9.2410e-01 +1.9441e+00 +1.3519e+00 -4.2592e+00 +3.9122e+00 +4.1166e+00
4 +7.081601487e+04 +7.081601487e+04 +7.089363487e+04 +7.089363487e+04 -2.6287e-01 +1.0332e+00 +1.8254e+00 +1.1266e+00 +1.6518e+00 -3.1580e+00 +3.4237e+00 +1.3941e+00 -2.3505e+00 +2.3059e+00
17 +5.807518702e+04 +5.807518702e+04 +5.815280702e+04 +5.815280702e+04 +7.1782e-02 +3.4424e+00 -5.8547e-01 +4.8618e+00 +3.5725e+00 -3.0406e+00 +4.4977e-01 +1.2224e+00 +1.3637e+00 +2.0379e+00
24 +1.266811474e+04 +1.266811474e+04 +1.274573474e+04 +1.274573474e+04 +2.6078e+00 +1.7426e+00 -1.9210e+00 -3.0502e-02 -2.2447e+00 +1.0585e+00 +2.7805e+00 -1.8871e+00 -1.5642e+00 -1.3200e+00
94 +9.327403457e+03 +9.327403457e+03 +9.405023457e+03 +9.405023457e+03 -7.6046e-01 +1.2839e+00 -4.0746e+00 +2.6167e-01 +1.6666e+00 +3.1685e-01 +8.0384e-01 -6.5154e-01 +1.0151e+00 +2.4728e+00
% function evaluation | noise-free fitness - Fopt (-1.092400000000e+02) | best noise-free fitness - Fopt | measured fitness | best measured fitness | x1 | x2...
1 +8.921228710e+04 +8.921228710e+04 +8.910304710e+04 +8.910304710e+04 +2.6167e+00 -1.5905e-01 -4.6906e+00 -4.8823e+00 +1.9246e+00 -7.0772e-01 +2.4951e-01 -3.9987e+00 -3.0211e+00 +3.7335e+00
2 +6.258958786e+04 +6.258958786e+04 +6.248034786e+04 +6.248034786e+04 -3.2774e+00 +1.2398e+00 +4.4076e+00 -9.6216e-01 +3.4772e+00 +2.3390e+00 +1.6664e+00 -8.9714e-01 -1.0814e+00 -1.2937e+00
11 +3.866320285e+04 +3.866320285e+04 +3.855396285e+04 +3.855396285e+04 +3.5160e+00 +1.8644e-01 +4.6176e+00 -3.8537e-01 +8.8114e-01 -4.5195e-01 -3.9688e+00 -1.8524e+00 -9.9512e-01 +2.2958e+00
15 +7.067804551e+03 +7.067804551e+03 +6.958564551e+03 +6.958564551e+03 +5.1330e-01 -1.4258e+00 +7.7341e-01 -2.2583e+00 +8.2205e-01 +9.9638e-01 -2.1772e+00 -1.2481e-01 -2.1141e+00 +1.6371e+00
